list(estimates = structure(list(alpha = c(3.01125140645365e-05, 
3.01088663606927e-05, 3.01150144615479e-05, 3.01106699317412e-05, 
3.01054062981059e-05, 3.01106982209064e-05, 3.01099942285557e-05, 
3.01101701469133e-05, 3.01175488735371e-05, 3.01105076579145e-05, 
3.0104353380606e-05, 3.01080719730218e-05, 3.01072425131345e-05, 
3.01142822861286e-05, 3.01198191564468e-05, 3.01154184566231e-05, 
3.01090467071862e-05, 3.01189157112395e-05, 3.00995877242669e-05, 
3.01154602422089e-05, 3.01016786872876e-05, 3.01142333555808e-05, 
3.01007523411084e-05, 3.01123498046517e-05, 3.01042184188694e-05, 
3.01001339966278e-05, 3.01075983448033e-05, 3.01087045481846e-05, 
3.00969720531319e-05, 3.01255090392382e-05, 3.01209491170671e-05, 
3.01067202648936e-05, 3.01240325565856e-05, 3.01069217060165e-05, 
3.01162076744747e-05, 3.01005623230519e-05, 3.01237191420391e-05, 
3.01020432272804e-05, 3.01098239300088e-05, 3.00970871765363e-05, 
3.0116004728201e-05, 3.01105102928859e-05, 3.01219048022535e-05, 
3.01027315802365e-05, 3.01039453735029e-05, 3.01021272457751e-05, 
3.01331773800112e-05, 3.01039377215106e-05, 3.0106898028079e-05, 
3.00939899705982e-05, 3.01302175424758e-05, 3.01099247373414e-05, 
3.00982876680089e-05, 3.01029821903392e-05, 3.0097895086232e-05, 
3.01042578434608e-05, 3.013345230617e-05, 3.01097503243283e-05, 
3.01294064385072e-05, 3.01378179745243e-05, 3.01216689632406e-05, 
3.00736781317055e-05, 3.01384077636718e-05, 3.01093781499003e-05, 
3.00796109581577e-05, 3.00987080340321e-05, 3.00807531668164e-05, 
3.00776924344459e-05, 3.00730584455859e-05, 3.01204651303234e-05, 
3.0098053124605e-05, 3.00647187058308e-05, 3.00354789626049e-05, 
3.01803729178108e-05, 3.02326746307014e-05, 2.99271906073773e-05, 
3.04182071507564e-05, 0.0533747396699936), beta = c(7.18708627483108e-05, 
7.1860449400953e-05, 7.18786131634105e-05, 7.18638235533974e-05, 
7.18662405727271e-05, 7.188021251749e-05, 7.18623082982611e-05, 
7.18746773307483e-05, 7.18729032379914e-05, 7.18566063040174e-05, 
7.18508133713296e-05, 7.18716362920875e-05, 7.18796552744371e-05, 
7.18747031650297e-05, 7.18908797918714e-05, 7.18676247772477e-05, 
7.18564153505241e-05, 7.18938309987892e-05, 7.18564105837911e-05, 
7.18822818220827e-05, 7.18706022532261e-05, 7.18975038089929e-05, 
7.18609322725932e-05, 7.18957479665669e-05, 7.18397822823298e-05, 
7.1871645629515e-05, 7.18515279608537e-05, 7.18954511297269e-05, 
7.18565505663993e-05, 7.18864068644511e-05, 7.19077490304947e-05, 
7.183659472986e-05, 7.18682538215122e-05, 7.18814576381699e-05, 
7.18670840058826e-05, 7.18844104731463e-05, 7.18657706303497e-05, 
7.18526494173409e-05, 7.18980537385194e-05, 7.18741139921773e-05, 
7.18926495030293e-05, 7.18300600593448e-05, 7.18560735587045e-05, 
7.18255215000225e-05, 7.18466525486237e-05, 7.18332735985677e-05, 
7.19111207118565e-05, 7.18350229607563e-05, 7.19135462250179e-05, 
7.18764394935624e-05, 7.18850364041409e-05, 7.18226579916116e-05, 
7.18283719697406e-05, 7.1866851943587e-05, 7.18368533438755e-05, 
7.18385970902891e-05, 7.18855229882834e-05, 7.19335692476815e-05, 
7.18971094230745e-05, 7.19598840349279e-05, 7.19658585914312e-05, 
7.17848334146008e-05, 7.19508762936302e-05, 7.19552473714306e-05, 
7.18504737420437e-05, 7.18248116570638e-05, 7.19044660099079e-05, 
7.17381761249585e-05, 7.17287002304336e-05, 7.1982545655054e-05, 
7.20035600935191e-05, 7.19843696227902e-05, 7.19264713097411e-05, 
7.20876217526603e-05, 7.21699328590458e-05, 7.21897452579948e-05, 
7.11676601913719e-05, 1.80232528443656), intercept = c(0.0981096275668142, 
0.0981107877480961, 0.0981076730425013, 0.0981114065229385, 0.0981119465135687, 
0.0981078679741543, 0.0981118258609873, 0.0981079823858543, 0.0981081304670205, 
0.0981120499295688, 0.0981138920382699, 0.0981118914854204, 0.098110539506344, 
0.0981065263018811, 0.0981049870703611, 0.0981072513807634, 0.09811305714032, 
0.0981057568959176, 0.0981142224441208, 0.098109473858278, 0.0981110666637078, 
0.0981058988468875, 0.0981116615851886, 0.0981079117523685, 0.0981130417133058, 
0.098111339393688, 0.0981098592497297, 0.0981076928754743, 0.0981151986258712, 
0.0981041481847419, 0.0981026961460699, 0.0981153690816051, 0.0981073992836027, 
0.0981124483074601, 0.0981118238148992, 0.0981106736208868, 0.0981080871755935, 
0.0981167267141406, 0.0981095178189981, 0.0981143103530617, 0.0981026097642436, 
0.0981141165162394, 0.0981067290066311, 0.0981142764018662, 0.0981098678444999, 
0.0981183569399026, 0.0981016454563019, 0.0981187420093302, 0.0981064551075697, 
0.0981158607480332, 0.0981074605276755, 0.0981176271288011, 0.0981212397585451, 
0.0981063203187887, 0.0981107296442658, 0.0981087674133449, 0.0981069603065906, 
0.0981059459092236, 0.0981085136282251, 0.0980920521133155, 0.0980976300260579, 
0.0981244704315522, 0.0980900467770686, 0.0981003687067726, 0.0981259350172829, 
0.0981267237699342, 0.0981178647481914, 0.0981291598850501, 0.0981302620128429, 
0.0981047844964598, 0.0981013538892508, 0.098108741406129, 0.0981240828742379, 
0.0980862846121458, 0.0980568651023411, 0.098120199300987, 0.0981059447447208, 
0.0573627262033215), value = c(0.0928273277322782, 0.0928273278807427, 
0.0928273278809457, 0.0928273281687164, 0.0928273281966166, 0.0928273282167566, 
0.0928273282918528, 0.0928273283802478, 0.0928273284440194, 0.0928273285914893, 
0.0928273288095719, 0.0928273288299431, 0.0928273288434122, 0.092827328959361, 
0.0928273290282828, 0.0928273290287224, 0.0928273290446874, 0.0928273290760777, 
0.0928273294767236, 0.0928273295327645, 0.092827329577137, 0.0928273295926129, 
0.0928273296845018, 0.0928273300126624, 0.0928273303093632, 0.092827330338101, 
0.0928273304419475, 0.0928273305091734, 0.0928273306659824, 0.0928273307038612, 
0.0928273312047635, 0.0928273313932858, 0.0928273317138394, 0.0928273318142746, 
0.0928273318356498, 0.0928273319893474, 0.0928273321485422, 0.0928273324286223, 
0.0928273325488386, 0.092827333191918, 0.0928273332549292, 0.0928273334022634, 
0.0928273334281765, 0.0928273335024839, 0.0928273337308157, 0.0928273340107987, 
0.0928273353976836, 0.0928273361432475, 0.0928273363509865, 0.0928273373773424, 
0.0928273385306367, 0.0928273387120501, 0.0928273388786536, 0.0928273391481307, 
0.0928273402664781, 0.0928273405283436, 0.0928273417152454, 0.092827344347504, 
0.0928273443859758, 0.092827349150555, 0.0928273523424896, 0.0928273526170677, 
0.0928273533647552, 0.0928273553612361, 0.0928273593896476, 0.0928273650572569, 
0.0928273675573556, 0.0928273697148103, 0.0928273772249014, 0.092827387894807, 
0.0928274127023333, 0.0928274718296003, 0.0928275014690407, 0.0928275171099645, 
0.0928276018767512, 0.0928289875476144, 0.0928333005599823, 0.133022280938658
), fevals = c(193, 140, 200, 200, 140, 177, 302, 287, 195, 264, 
288, 186, 426, 190, 192, 318, 189, 174, 209, 201, 188, 224, 133, 
147, 255, 290, 209, 446, 374, 171, 153, 176, 310, 134, 155, 145, 
305, 247, 305, 212, 240, 197, 393, 300, 196, 215, 225, 304, 252, 
171, 232, 422, 422, 231, 171, 415, 258, 298, 211, 184, 200, 375, 
356, 296, 200, 302, 191, 230, 258, 229, 336, 360, 318, 316, 368, 
456, 356, 254), gevals = c(NA_real_, NA_real_, NA_real_, NA_real_, 
NA_real_, NA_real_, NA_real_, NA_real_, NA_real_, NA_real_, NA_real_, 
NA_real_, NA_real_, NA_real_, NA_real_, NA_real_, NA_real_, NA_real_, 
NA_real_, NA_real_, NA_real_, NA_real_, NA_real_, NA_real_, NA_real_, 
NA_real_, NA_real_, NA_real_, NA_real_, NA_real_, NA_real_, NA_real_, 
NA_real_, NA_real_, NA_real_, NA_real_, NA_real_, NA_real_, NA_real_, 
NA_real_, NA_real_, NA_real_, NA_real_, NA_real_, NA_real_, NA_real_, 
NA_real_, NA_real_, NA_real_, NA_real_, NA_real_, NA_real_, NA_real_, 
NA_real_, NA_real_, NA_real_, NA_real_, NA_real_, NA_real_, NA_real_, 
NA_real_, NA_real_, NA_real_, NA_real_, NA_real_, NA_real_, NA_real_, 
NA_real_, NA_real_, NA_real_, NA_real_, NA_real_, NA_real_, NA_real_, 
NA_real_, NA_real_, NA_real_, NA_real_),