list(estimates = structure(list(alpha = c(1.54244030220702e-05, 
1.54209921966981e-05, 1.54265947929536e-05, 1.54268575880544e-05, 
1.54214903117493e-05, 1.54254110549679e-05, 1.54184315063689e-05, 
1.54240858591862e-05, 1.54262147126492e-05, 1.54279115238603e-05, 
1.54216063020299e-05, 1.54239505825976e-05, 1.5417854989826e-05, 
1.54218824124095e-05, 1.54205394749637e-05, 1.54157938607845e-05, 
1.54162840643569e-05, 1.54210989124893e-05, 1.54156981994274e-05, 
1.54171103085792e-05, 1.54307018789959e-05, 1.54205974169994e-05, 
1.54222363927841e-05, 1.54221381362598e-05, 1.54186143977079e-05, 
1.54270485898442e-05, 1.54279529353944e-05, 1.54229780016134e-05, 
1.54161127784046e-05, 1.54304460752107e-05, 1.54189176196493e-05, 
1.54199327164097e-05, 1.54245979792355e-05, 1.54198777465765e-05, 
1.54266165615467e-05, 1.54285253949789e-05, 1.54178057326816e-05, 
1.54163053223091e-05, 1.5433786696701e-05, 1.54277461602312e-05, 
1.54150561797602e-05, 1.54314358207898e-05, 1.54205957192407e-05, 
1.54302186501241e-05, 1.54320524052852e-05, 1.5418157699313e-05, 
1.54125633453172e-05, 1.54350452399915e-05, 1.54234264891646e-05, 
1.54317607937456e-05, 1.54297114037046e-05, 1.54265177699743e-05, 
1.54182838614179e-05, 1.54218882640325e-05, 1.54378537542675e-05, 
1.54074957953098e-05, 1.54232456665348e-05, 1.54090363108751e-05, 
1.54393350529265e-05, 1.54256438281893e-05, 1.54365403120893e-05, 
1.54288858601584e-05, 1.54346325048453e-05, 1.54111065242743e-05, 
1.54325350802989e-05, 1.54294547046582e-05, 1.54185533373347e-05, 
1.54427895231656e-05, 1.53934690447919e-05, 1.54169682603862e-05, 
1.54091690958606e-05, 1.54107424290138e-05, 1.54671793293692e-05, 
1.53676065792091e-05, 1.53928975643668e-05, 1.54206722251432e-05, 
1.53899884402129e-05, 1.52462970907743e-05, 1.5338985003886e-05, 
1.55153565948838e-05, 1.50776302326389e-05, 1.52094476752316e-05, 
9.673997066091e-06, 2.68304806568559e-08, 0.004182643959293), 
    beta = c(8.19287665953777e-05, 8.19128664487732e-05, 8.19185849746934e-05, 
    8.19183403832202e-05, 8.18957918892428e-05, 8.19045337379046e-05, 
    8.19058302900872e-05, 8.19333012731695e-05, 8.19326680453055e-05, 
    8.19424485035601e-05, 8.18889172056047e-05, 8.19329257814571e-05, 
    8.1886490880615e-05, 8.189011383566e-05, 8.19336044681973e-05, 
    8.1889340143815e-05, 8.1884462150742e-05, 8.1928650699074e-05, 
    8.18745745202886e-05, 8.18968789372036e-05, 8.19364715350803e-05, 
    8.19122805460162e-05, 8.19172104229935e-05, 8.19191306916104e-05, 
    8.19069562990163e-05, 8.1903207855898e-05, 8.19580178924196e-05, 
    8.19360544898585e-05, 8.18713664673963e-05, 8.19172666857354e-05, 
    8.19405316423855e-05, 8.19223056961656e-05, 8.1958500365513e-05, 
    8.19302614864219e-05, 8.19135734605234e-05, 8.19629073402985e-05, 
    8.19079858064701e-05, 8.18567482549508e-05, 8.19612114588561e-05, 
    8.19259466865744e-05, 8.18714023760182e-05, 8.19086083609833e-05, 
    8.18656676496844e-05, 8.19304502022038e-05, 8.19046502246902e-05, 
    8.19394956665941e-05, 8.18710434385726e-05, 8.19313881453776e-05, 
    8.19698980340651e-05, 8.19461741802947e-05, 8.19709283801751e-05, 
    8.19019837437638e-05, 8.18384662982926e-05, 8.18454987971072e-05, 
    8.19836019722441e-05, 8.18560734634731e-05, 8.19004575673975e-05, 
    8.18391228517275e-05, 8.19544892469929e-05, 8.19030476329081e-05, 
    8.19122279095195e-05, 8.19077150248125e-05, 8.20224141616143e-05, 
    8.19055264200074e-05, 8.19206614244486e-05, 8.20276766164293e-05, 
    8.19976785616332e-05, 8.20772817243458e-05, 8.17424045842742e-05, 
    8.20264677154992e-05, 8.19142445997999e-05, 8.20413121662909e-05, 
    8.20724172583912e-05, 8.16198874541106e-05, 8.22170867509702e-05, 
    8.20819509017007e-05, 8.13205899134216e-05, 8.12303552051928e-05, 
    8.26323938127969e-05, 8.10952613974352e-05, 8.06101973561489e-05, 
    8.19296888048863e-05, 4.79851443482641e-05, 1.42597866132413e-07, 
    1.87554039505799), intercept = c(0.041618833472571, 0.0416208228075401, 
    0.0416187766583469, 0.0416186713769748, 0.0416216771212022, 
    0.0416189338336773, 0.0416208250911802, 0.041619139064782, 
    0.0416165919636163, 0.0416163102908688, 0.0416218950935763, 
    0.0416170979010203, 0.0416229256682832, 0.0416220461332102, 
    0.0416192016960793, 0.0416223499198178, 0.0416222638045235, 
    0.0416207240783067, 0.0416237119859531, 0.0416207009063293, 
    0.0416152379280189, 0.0416222882790528, 0.0416174848454158, 
    0.0416173075925164, 0.0416230825363114, 0.0416172876092381, 
    0.0416171421467755, 0.0416204744336256, 0.0416250530677713, 
    0.0416159836757143, 0.0416196390619495, 0.0416178109133931, 
    0.0416179289480143, 0.0416215479568474, 0.0416161346019859, 
    0.0416169813759995, 0.0416236368344039, 0.0416237418251609, 
    0.0416145753517729, 0.0416201665188768, 0.0416219542465885, 
    0.041618578155308, 0.0416246271975654, 0.041614050937965, 
    0.0416174681219271, 0.0416213974189085, 0.0416228089260218, 
    0.0416161286397642, 0.041615128536204, 0.0416126582332152, 
    0.0416170791714176, 0.0416157348665475, 0.0416256927009883, 
    0.0416228820042788, 0.0416111186799094, 0.0416267617574637, 
    0.0416239675242382, 0.0416266277411418, 0.0416119105102936, 
    0.0416152863838459, 0.0416148912726446, 0.0416219793484072, 
    0.0416107034860921, 0.0416199065858475, 0.0416119853442009, 
    0.0416108880872423, 0.0416157001091409, 0.041603945553101, 
    0.0416391926282993, 0.0416055469929522, 0.041636649390227, 
    0.0416262804877107, 0.0416083007841074, 0.0416526536913652, 
    0.0416114372182891, 0.0415854602668145, 0.0416379530339101, 
    0.0417022459613638, 0.0416070613600738, 0.0416264830551194, 
    0.0418386842430488, 0.0416030492191716, 0.0457924420827028, 
    0.0507061097256383, 0.0466448957708674), value = c(0.0503108419799012, 
    0.0503108420380721, 0.0503108421618946, 0.0503108422052629, 
    0.0503108422330617, 0.0503108422689152, 0.0503108423305413, 
    0.0503108423397138, 0.0503108423813004, 0.0503108424100439, 
    0.0503108424529516, 0.050310842504627, 0.050310842552732, 
    0.0503108425865659, 0.0503108427319873, 0.050310842964861, 
    0.0503108429761346, 0.0503108430021923, 0.0503108431743031, 
    0.0503108431915124, 0.0503108431962245, 0.0503108432800272, 
    0.0503108433076132, 0.0503108434987472, 0.0503108435099953, 
    0.0503108436429599, 0.0503108436692718, 0.0503108437862338, 
    0.0503108438393351, 0.0503108438641614, 0.0503108439039621, 
    0.050310843937867, 0.0503108439603691, 0.0503108440692934, 
    0.0503108440990509, 0.0503108442391675, 0.0503108442866591, 
    0.0503108442978595, 0.0503108443190582, 0.0503108445797002, 
    0.0503108448869229, 0.0503108448985981, 0.0503108449911251, 
    0.0503108450291706, 0.0503108451008024, 0.0503108452549816, 
    0.0503108454441164, 0.0503108455177913, 0.050310845657046, 
    0.0503108456931432, 0.0503108460085819, 0.0503108465778497, 
    0.050310846589201, 0.0503108466401271, 0.0503108466746352, 
    0.0503108468199719, 0.0503108469770558, 0.0503108469994871, 
    0.0503108474709731, 0.0503108479236652, 0.0503108480350173, 
    0.0503108481936015, 0.050310849850628, 0.050310849886864, 
    0.0503108509785635, 0.0503108522418816, 0.0503108530440982, 
    0.0503108608549887, 0.0503108675880189, 0.0503108951877524, 
    0.0503109071473234, 0.0503109090478629, 0.0503109136995029, 
    0.0503109195624952, 0.0503110392255067, 0.0503111072400502, 
    0.050311293329641, 0.0503114933298741, 0.0503120701630457, 
    0.0503124685928845, 0.0503142154411333, 0.050314386466135, 
    0.0514576119801676, 0.0566672772735208, 0.0633175382895298
    ),