list(estimates = structure(list(alpha = c(2.17086530143375e-05, 
2.17151921774071e-05, 2.17097681055128e-05, 2.17127052146757e-05, 
2.17118599383704e-05, 2.17144948191632e-05, 2.17078800158094e-05, 
2.17134039753034e-05, 2.17134591922747e-05, 2.17128749247348e-05, 
2.17060600740371e-05, 2.17062617616973e-05, 2.1713753293575e-05, 
2.1716650608812e-05, 2.17143756570791e-05, 2.17101296603224e-05, 
2.17153668279949e-05, 2.17088158941441e-05, 2.17051431610533e-05, 
2.17090659749864e-05, 2.17158895399695e-05, 2.17048096219934e-05, 
2.17156164219685e-05, 2.1720503335286e-05, 2.1705510416747e-05, 
2.17066631159546e-05, 2.17123133317547e-05, 2.17077444573057e-05, 
2.17158118791686e-05, 2.17033522234215e-05, 2.17064007648518e-05, 
2.17144959614058e-05, 2.17082744321722e-05, 2.17130006431416e-05, 
2.17142955550882e-05, 2.17162861170133e-05, 2.17101435754175e-05, 
2.17081987243384e-05, 2.16988332118738e-05, 2.17032669749681e-05, 
2.16978513032832e-05, 2.17077849578961e-05, 2.17155046630583e-05, 
2.17052475020822e-05, 2.17103936895344e-05, 2.17274022053677e-05, 
2.17208743481011e-05, 2.1694370445807e-05, 2.17034600355073e-05, 
2.17308241762853e-05, 2.17149575402211e-05, 2.17284172410166e-05, 
2.17028692898319e-05, 2.16945344413794e-05, 2.16931003602838e-05, 
2.17316961616641e-05, 2.173152390164e-05, 2.17250917065839e-05, 
2.17153204303153e-05, 2.17186559658338e-05, 2.16962385179172e-05, 
2.1713791420565e-05, 2.17361943975577e-05, 2.17057252917608e-05, 
2.17089506159472e-05, 2.17127512781176e-05, 2.16980525314399e-05, 
2.17421598259791e-05, 2.16785210442989e-05, 2.16881058475194e-05, 
2.16811217552721e-05, 2.16686040505915e-05, 2.17755113332708e-05, 
2.17722155677534e-05, 2.16452612073215e-05, 2.16352032395205e-05, 
2.16613408650801e-05, 2.17403320329194e-05, 2.15485931236974e-05, 
2.21240252008952e-05, 2.19553279655808e-05, 2.09618671997707e-05, 
2.07832967743737e-05, 1.40484071811692e-05, 1.25172978836225e-05, 
0.0621023144468247), beta = c(7.17553062492798e-05, 7.17668636281625e-05, 
7.17430018710401e-05, 7.17498330801881e-05, 7.17468747569076e-05, 
7.17547868474175e-05, 7.17580313890983e-05, 7.17533750413309e-05, 
7.17482904883816e-05, 7.17722316104139e-05, 7.17480857551288e-05, 
7.17427736516814e-05, 7.17500762406505e-05, 7.17590999165949e-05, 
7.17558707510146e-05, 7.17327717347783e-05, 7.17486986531768e-05, 
7.17460487347401e-05, 7.17526118215369e-05, 7.17387988549928e-05, 
7.17792415694628e-05, 7.17270230457108e-05, 7.17865891138117e-05, 
7.17685829781803e-05, 7.17248563296987e-05, 7.17655117982143e-05, 
7.17340271692388e-05, 7.17263223667792e-05, 7.17724406977707e-05, 
7.17239061215021e-05, 7.17617795485696e-05, 7.17624588486501e-05, 
7.17276075644616e-05, 7.17724004931467e-05, 7.17623938852184e-05, 
7.17658698995711e-05, 7.17825538439575e-05, 7.17316498013833e-05, 
7.17247805102977e-05, 7.1759520989791e-05, 7.17374278073607e-05, 
7.17523303215984e-05, 7.17662856873042e-05, 7.17611067715217e-05, 
7.1793549013702e-05, 7.17827516642526e-05, 7.17789195356582e-05, 
7.1736745585239e-05, 7.17282121641763e-05, 7.18094797850439e-05, 
7.18173155387441e-05, 7.17849707670706e-05, 7.16909794915679e-05, 
7.16957081276899e-05, 7.17490084969866e-05, 7.17966693420089e-05, 
7.18186194822078e-05, 7.17456034198504e-05, 7.181822537192e-05, 
7.17758404601529e-05, 7.17708672367048e-05, 7.18281206055485e-05, 
7.1815004914375e-05, 7.1737903508591e-05, 7.18195872894728e-05, 
7.18337854106229e-05, 7.17161881061163e-05, 7.18454983910184e-05, 
7.16346070654853e-05, 7.18056637474753e-05, 7.18626634623227e-05, 
7.15220658621782e-05, 7.19328758276485e-05, 7.20412759313538e-05, 
7.1464624596259e-05, 7.17211555658252e-05, 7.14783099001358e-05, 
7.15148935185584e-05, 7.24026279414296e-05, 7.29744670249003e-05, 
7.08103119195533e-05, 7.444260785881e-05, 7.58256131225301e-05, 
4.60560657266403e-05, 4.16015816100372e-05, 1.8148385105858), 
    intercept = c(0.062976412087083, 0.0629741685163894, 0.0629774175142974, 
    0.062976354042296, 0.0629767068841537, 0.062975184601411, 
    0.0629768094694006, 0.0629762509640752, 0.0629757869986788, 
    0.0629736704000196, 0.0629768793953083, 0.0629791052867129, 
    0.0629744557709657, 0.0629732920591967, 0.0629733706492632, 
    0.0629783715955393, 0.0629742121474559, 0.062979012559177, 
    0.062976400994382, 0.0629793376893609, 0.0629713578673663, 
    0.0629803248380023, 0.0629725160322308, 0.0629723676504951, 
    0.0629802256493577, 0.0629772257315016, 0.0629763306477003, 
    0.062977998234902, 0.0629752926328113, 0.0629795988732693, 
    0.0629781310637046, 0.0629767431326688, 0.0629773806297076, 
    0.0629718699367081, 0.0629719251698545, 0.06297608053738, 
    0.0629730147924138, 0.0629805894927229, 0.0629813131124424, 
    0.0629759598180281, 0.0629802348600597, 0.0629738676102909, 
    0.0629704732883204, 0.0629739400431965, 0.0629713337963251, 
    0.0629682226107394, 0.0629677991348837, 0.0629803005980762, 
    0.0629757629141817, 0.0629653352401875, 0.062970957822803, 
    0.0629661722997132, 0.0629811761852743, 0.0629869787353218, 
    0.0629811093308518, 0.062969449613669, 0.062964122650387, 
    0.0629708240825552, 0.062971847804353, 0.0629771985410545, 
    0.0629769332927276, 0.062968780492188, 0.0629625390202933, 
    0.0629722225689024, 0.0629680556240547, 0.0629667168906142, 
    0.0629757262658174, 0.0629649577156797, 0.0629941544071068, 
    0.0629755625015489, 0.0629771201206679, 0.0629989962931294, 
    0.0629370706085577, 0.0629430885825092, 0.0630175009942752, 
    0.0629974621215038, 0.0630256261737518, 0.062979128046625, 
    0.0629672776973115, 0.0627413886004522, 0.0629955959301299, 
    0.0630406420229954, 0.0628827052321664, 0.0678946712702336, 
    0.0703454795777312, 0.0111050184121518), value = c(0.0761089759407804, 
    0.0761089760569013, 0.0761089760818586, 0.076108976103384, 
    0.0761089761055293, 0.0761089761145206, 0.0761089762092903, 
    0.0761089762204696, 0.0761089762374849, 0.0761089762729163, 
    0.0761089765023784, 0.076108976577205, 0.0761089766031502, 
    0.0761089766514614, 0.0761089768893992, 0.0761089770110511, 
    0.0761089770651628, 0.0761089771029814, 0.0761089771498303, 
    0.0761089772331258, 0.0761089772406862, 0.0761089772466171, 
    0.0761089772553858, 0.0761089773289242, 0.076108977388391, 
    0.0761089774076784, 0.0761089775341207, 0.0761089775779131, 
    0.0761089775781713, 0.0761089776299853, 0.0761089776429725, 
    0.0761089777930239, 0.0761089777970573, 0.0761089778241983, 
    0.0761089781217451, 0.0761089781547214, 0.0761089782482158, 
    0.0761089783577941, 0.0761089785010122, 0.0761089788279497, 
    0.0761089791811774, 0.0761089792524614, 0.0761089799661183, 
    0.0761089802735443, 0.0761089807934914, 0.0761089808546246, 
    0.0761089819528127, 0.0761089820022753, 0.0761089831050904, 
    0.0761089831119499, 0.076108983555558, 0.0761089836923178, 
    0.0761089838314558, 0.0761089838650381, 0.0761089839606381, 
    0.0761089844965643, 0.0761089845113339, 0.0761089845701104, 
    0.0761089846578747, 0.0761089849549247, 0.0761089861039422, 
    0.0761089874550282, 0.0761089880126897, 0.0761089902987137, 
    0.07610899183935, 0.0761089924720202, 0.0761089938172406, 
    0.0761089994816423, 0.076109001288984, 0.0761090119248766, 
    0.0761090665632715, 0.0761090722061611, 0.0761090738350003, 
    0.0761091110901776, 0.0761091113213689, 0.0761091160987748, 
    0.0761091766133817, 0.0761092457548065, 0.0761119170990918, 
    0.0761125560628144, 0.0761156212621594, 0.0761650393890149, 
    0.0762104016456827, 0.0776597776766036, 0.0802213749014341, 
    0.0980451829477744),