list(estimates = structure(list(alpha = c(1.61545950462787e-05, 
1.61464386745967e-05, 1.61616015207883e-05, 1.61437647285805e-05, 
1.61543744623072e-05, 1.61323731007563e-05, 1.61797746072696e-05, 
1.6074936849318e-05, 1.60671996894038e-05), beta = c(8.55234593214186e-05, 
8.55273034166632e-05, 8.55824351519085e-05, 8.55454953101872e-05, 
8.55768376700326e-05, 8.5485585987201e-05, 8.5574068218e-05, 
8.52867008356583e-05, 8.5245240216096e-05), intercept = c(0.050235549052047, 
0.0502366389681389, 0.0502311898234684, 0.0502362499981383, 0.0502301171622001, 
0.050240350277089, 0.0502296968950227, 0.0502659977712671, 0.0502680601908606
), value = c(0.0492672367903723, 0.0492672374105682, 0.0492672395470184, 
0.0492672399539114, 0.0492672401378677, 0.0492672474767232, 0.0492672606664042, 
0.0492673596016137, 0.0492673932373897), fevals = c(150, 265, 
253, 190, 170, 233, 144, 370, 227), gevals = c(NA_real_, NA_real_, 
NA_real_, NA_real_, NA_real_, NA_real_, NA_real_, NA_real_, NA_real_
), niter = c(NA_real_, NA_real_, NA_real_, NA_real_, NA_real_, 
NA_real_, NA_real_, NA_real_, NA_real_), convcode = c(0, 0, 0, 
0, 0, 0, 0, 0, 0), kkt1 = c(FALSE, FALSE, FALSE, FALSE, FALSE, 
FALSE, FALSE, FALSE, FALSE), kkt2 = c(FALSE, FALSE, FALSE, FALSE, 
FALSE, FALSE, FALSE, FALSE, FALSE), xtime = c(0.524000000000001, 
0.885999999999996, 0.859999999999999, 0.655000000000001, 0.575999999999993, 
0.786999999999992, 0.491, 1.233, 0.783000000000001), PrMMinf = c(0.158879860032127, 
0.158806377561122, 0.158845688153488, 0.158755848183239, 0.158794671995968, 
0.158755137827484, 0.159008978511537, 0.158589947996673, 0.158590590695384
), PrUUinf = c(0.841120139967873, 0.841193622438878, 0.841154311846512, 
0.841244151816761, 0.841205328004032, 0.841244862172516, 0.840991021488463, 
0.841410052003327, 0.841409409304616), alpha.start = c(5.23699153213818e-05, 
1.3353562002414e-09, 7.30598291576759e-08, 9.77622864140371e-05, 
5.52414872307168e-07, 6.35657231046924e-07, 2.70773009272272e-05, 
0.00243262160749179, 0.00106055738581372), beta.start = c(0.000223396534614965, 
9.56021593659946e-05, 8.10736682095863e-06, 0.000730281856543592, 
1.37464830023396e-08, 0.00388305268824873, 4.283856589291e-05, 
0.00234192487920965, 3.30268116425767e-06), intercept.start = c(0.029612669390589, 
0.0649940543569531, 0.0942296779304929, 0.0083120570470579, 0.0228370508764032, 
0.0692403913429286, 0.0367150808301754, 0.00964235710177571, 
0.0528406915562507), value.part = c(0.0492672285269966, 0.0492672351132833, 
0.0492672345174947, 0.0492672396160858, 0.0492672384499319, 0.049267247153996, 
0.049267232973255, 0.0492673534174164, 0.0492673871121654)), row.names = c("Nelder-Mead8", 
"Nelder-Mead1", "Nelder-Mead3", "Nelder-Mead2", "Nelder-Mead9", 
"Nelder-Mead6", "Nelder-Mead", "Nelder-Mead4", "Nelder-Mead7"
), class = "data.frame"), estimates.flagged = structure(list(
    alpha = -9.16501069085888e-06, beta = -4.95225818657243e-05, 
    intercept = 0.0688974522769342, value = 0.0723209515574425, 
    fevals = 277, gevals = NA_real_, niter = NA_real_, convcode = 0, 
    kkt1 = FALSE, kkt2 = FALSE, xtime = 0.950000000000003, PrMMinf = 0.156166070060252, 
    PrUUinf = 0.843833929939748, alpha.start = 0.000327475999246819, 
    beta.start = 0.00104840220417547, intercept.start = 0.0780105066392524, 
    value.part = 0.0723187131163984), row.names = "Nelder-Mead5", class = "data.frame"), 
    pedigree = structure(c(0, 0, 25, 0, 0, 25, 0, 0, 25, 0, 0, 
    25, 0, 0, 25, 0, 0, 0, 0, 25, 0, 0, 25, 0, 0, 25, 0, 0, 25, 
    0, 0, 25, 0, 0, 0, 25, 0, 0, 25, 0, 0, 25, 0, 0, 25, 0, 0, 
    25, 0, 0, 25, 0, 0, 25, 0, 0, 25, 0, 0, 25, 0, 0, 25, 0, 
    0, 0, 0, 25, 0, 0, 25, 0, 0, 25, 0, 0, 25, 0, 0, 25, 0, 0, 
    0, 25, 0, 0, 25, 0, 0, 25, 0, 0, 25, 0, 0, 25, 0, 0, 125, 
    0, 0, 125, 0, 0, 125, 0, 0, 125, 0, 0, 0, 0, 125, 0, 0, 125, 
    0, 0, 125, 0, 0, 125, 0, 0, 0, 125, 0, 0, 125, 0, 0, 125, 
    0, 0, 125, 0, 0, 125, 0, 0, 125, 0, 0, 125, 0, 0, 125, 0, 
    0, 0, 0, 125, 0, 0, 125, 0, 0, 125, 0, 0, 125, 0, 0, 0, 125, 
    0, 0, 125, 0, 0, 125, 0, 0, 125, 0, 0, 175, 0, 0, 175, 0, 
    0, 175, 0, 0, 0, 0, 175, 0, 0, 175, 0, 0, 175, 0, 0, 0, 175, 
    0, 0, 175, 0, 0, 175, 0, 0, 175, 0, 0, 175, 0, 0, 175, 0, 
    0, 0, 0, 175, 0, 0, 175, 0, 0, 175, 0, 0, 0, 175, 0, 0, 175, 
    0, 0, 175, 0, 0, 200, 0, 0, 200, 0, 0, 0, 0, 200, 0, 0, 200, 
    0, 0, 0, 200, 0, 0, 200, 0, 0, 200, 0, 0, 200, 0, 0, 0, 0, 
    200, 0, 0, 200, 0, 0, 0, 200, 0, 0, 200, 0, 0, 250, 0, 0, 
    0, 0, 250, 0, 0, 0, 250, 0, 0, 250, 0, 0, 0, 0, 250, 0, 0, 
    0, 250, 0, 0, 0, 0, 0, 0, 0, 0, 0, 0, 0, 0, 0, 0, 0, 0, 0, 
    0, 0, 0, 0, 0, 0, 0, 0, 0, 0, 0, 0, 0, 0, 0, 0, 0, 0, 0, 
    0, 0, 0, 0, 0, 0, 50, 50, 50, 50, 50, 50, 50, 50, 50, 50, 
    50, 50, 50, 50, 50, 50, 50, 50, 50, 50, 50, 50, 50, 50, 50, 
    50, 50, 50, 50, 50, 50, 50, 50, 50, 50, 50, 50, 50, 50, 50, 
    50, 50, 50, 50, 50, 50, 50, 50, 50, 50, 50, 50, 50, 50, 50, 
    50, 50, 50, 50, 50, 50, 50, 50, 50, 50, 50, 50, 50, 50, 50, 
    50, 50, 50, 50, 50, 50, 50, 50, 50, 50, 50, 50, 50, 50, 50, 
    50, 50, 50, 50, 50, 50, 50, 50, 50, 50, 50, 150, 150, 150, 
    150, 150, 150, 150, 150, 150, 150, 150, 150, 150, 150, 150, 
    150, 150, 150, 150, 150, 150, 150, 150, 150, 150, 150, 150, 
    150, 150, 150, 150, 150, 150, 150, 150, 150, 150, 150, 150, 
    150, 150, 150, 150, 150, 150, 150, 150, 150, 150, 150, 150, 
    150, 150, 150, 150, 150, 150, 150, 150, 150, 150, 150, 150, 
    150, 150, 150, 150, 150, 150, 150, 150, 150, 150, 150, 150, 
    150, 150, 150, 200, 200, 200, 200, 200, 200, 200, 200, 200, 
    200, 200, 200, 200, 200, 200, 200, 200, 200, 200, 200, 200, 
    200, 200, 200, 200, 200, 200, 200, 200, 200, 200, 200, 200, 
    200, 200, 200, 200, 200, 200, 200, 200, 200, 200, 200, 200, 
    200, 200, 200, 200, 200, 200, 200, 200, 200, 200, 200, 200, 
    200, 200, 200, 225, 225, 225, 225, 225, 225, 225, 225, 225, 
    225, 225, 225, 225, 225, 225, 225, 225, 225, 225, 225, 225, 
    225, 225, 225, 225, 225, 225, 225, 225, 225, 225, 225, 225, 
    225, 225, 225, 225, 225, 225, 225, 225, 225, 275, 275, 275, 
    275, 275, 275, 275, 275, 275, 275, 275, 275, 275, 275, 275, 
    275, 275, 275, 275, 275, 275, 275, 275, 275, 400, 400, 400, 
    400, 400, 400, 25, 25, 25, 25, 25, 25, 25, 25, 25, 25, 25, 
    25, 25, 25, 25, 25, 25, 25, 25, 25, 25, 25, 25, 25, 25, 25, 
    25, 25, 25, 25, 25, 25, 25, 25, 25, 25, 50, 50, 150, 150, 
    150, 200, 200, 200, 225, 225, 225, 275, 275, 275, 400, 400, 
    400, 50, 150, 150, 150, 200, 200, 200, 225, 225, 225, 275, 
    275, 275, 400, 400, 400, 150, 150, 150, 200, 200, 200, 225, 
    225, 225, 275, 275, 275, 400, 400, 400, 50, 50, 150, 150, 
    150, 200, 200, 200, 225, 225, 225, 275, 275, 275, 400, 400, 
    400, 50, 150, 150, 150, 200, 200, 200, 225, 225, 225, 275, 
    275, 275, 400, 400, 400, 150, 150, 150, 200, 200, 200, 225, 
    225, 225, 275, 275, 275, 400, 400, 400, 150, 150, 200, 200, 
    200, 225, 225, 225, 275, 275, 275, 400, 400, 400, 150, 200, 
    200, 200, 225, 225, 225, 275, 275, 275, 400, 400, 400, 200, 
    200, 200, 225, 225, 225, 275, 275, 275, 400, 400, 400, 150, 
    150, 200, 200, 200, 225, 225, 225, 275, 275, 275, 400, 400, 
    400, 150, 200, 200, 200, 225, 225, 225, 275, 275, 275, 400, 
    400, 400, 200, 200, 200, 225, 225, 225, 275, 275, 275, 400, 
    400, 400, 200, 200, 225, 225, 225, 275, 275, 275, 400, 400, 
    400, 200, 225, 225, 225, 275, 275, 275, 400, 400, 400, 225, 
    225, 225, 275, 275, 275, 400, 400, 400, 200, 200, 225, 225, 
    225, 275, 275, 275, 400, 400, 400, 200, 225, 225, 225, 275, 
    275, 275, 400, 400, 400, 225, 225, 225, 275, 275, 275, 400, 
    400, 400, 225, 225, 275, 275, 275, 400, 400, 400, 225, 275, 
    275, 275, 400, 400, 400, 275, 275, 275, 400, 400, 400, 225, 
    225, 275, 275, 275, 400, 400, 400, 225, 275, 275, 275, 400, 
    400, 400, 275, 275, 275, 400, 400, 400, 275, 275, 400, 400, 
    400, 275, 400, 400, 400, 400, 400, 400, 275, 275, 400, 400, 
