list(estimates = structure(list(alpha = c(1.61483353291206e-05, 
1.61607498784224e-05, 1.61551857764012e-05, 1.61504795390695e-05, 
1.61606048138713e-05, 1.61359114802019e-05, 1.61380499967698e-05, 
8.01841565705379e-06), beta = c(8.54985430007681e-05, 8.55567780462688e-05, 
8.55122298363301e-05, 8.55034120860798e-05, 8.55170867731996e-05, 
8.54290867094659e-05, 8.5524950076534e-05, 4.22420605599075e-05
), intercept = c(0.0502394084145331, 0.0502313491148005, 0.0502330100523659, 
0.0502345432950032, 0.0502333148611551, 0.0502446853555962, 0.0502450660745447, 
0.0559386925875678), value = c(0.049267237465058, 0.0492672380428718, 
0.0492672393105647, 0.0492672393342983, 0.0492672393959942, 0.049267243786719, 
0.0492672516875309, 0.0513541259434976), fevals = c(469, 179, 
133, 336, 328, 151, 216, 216), gevals = c(NA_real_, NA_real_, 
NA_real_, NA_real_, NA_real_, NA_real_, NA_real_, NA_real_), 
    niter = c(NA_real_, NA_real_, NA_real_, NA_real_, NA_real_, 
    NA_real_, NA_real_, NA_real_), convcode = c(0, 0, 0, 0, 0, 
    0, 0, 0), kkt1 = c(FALSE, FALSE, FALSE, FALSE, FALSE, FALSE, 
    FALSE, FALSE), kkt2 = c(FALSE, FALSE, FALSE, FALSE, FALSE, 
    FALSE, FALSE, FALSE), xtime = c(1.721, 0.654, 0.504, 1.195, 
    1.215, 0.574, 0.769000000000001, 0.759), PrMMinf = c(0.158867006979911, 
    0.158878712530129, 0.158902296070347, 0.158877139683198, 
    0.158939532965619, 0.158872758999797, 0.158740642958928, 
    0.159537200213551), PrUUinf = c(0.841132993020089, 0.841121287469871, 
    0.841097703929653, 0.841122860316802, 0.841060467034381, 
    0.841127241000203, 0.841259357041072, 0.840462799786449), 
    alpha.start = c(2.61128145230648e-07, 1.22406575402103e-06, 
    1.52555635333831e-08, 4.49308905896559e-05, 1.66283099266448e-07, 
    9.31870848793176e-07, 3.05272240988949e-05, 0.000899049793070761
    ), beta.start = c(0.000376566912831362, 1.15622242562766e-06, 
    1.80489640093623e-09, 0.00336452898228685, 4.0895176935301e-06, 
    0.000268352660792491, 3.96907526091223e-07, 0.000187779787462113
    ), intercept.start = c(0.0664756455694512, 0.0885544128198782, 
    0.071729463632321, 0.0523732254294911, 0.00559669541446958, 
    0.0910495861290349, 0.0124785046571726, 0.0679919242740702
    ), value.part = c(0.0492672305117415, 0.0492672299010501, 
    0.0492672284895974, 0.0492672313576237, 0.0492672235702786, 
    0.0492672362610917, 0.0492672515975107, 0.0513539000137436
    )), row.names = c("Nelder-Mead9", "Nelder-Mead2", "Nelder-Mead8", 
"Nelder-Mead3", "Nelder-Mead5", "Nelder-Mead", "Nelder-Mead4", 
"Nelder-Mead1"), class = "data.frame"), estimates.flagged = structure(list(
    alpha = c(0.0233700593140913, 0.0346246065658831), beta = c(0.11472831963722, 
    0.181661729303438), intercept = c(-0.221616032757997, -0.209383299327404
    ), value = c(0.056165056665878, 0.0562170710623981), fevals = c(281, 
    258), gevals = c(NA_real_, NA_real_), niter = c(NA_real_, 
    NA_real_), convcode = c(0, 0), kkt1 = c(FALSE, FALSE), kkt2 = c(FALSE, 
    FALSE), xtime = c(1.026, 1.121), PrMMinf = c(0.169227615063684, 
    0.160086888645629), PrUUinf = c(0.830772384936316, 0.839913111354371
    ), alpha.start = c(0.000520460476226713, 0.000386359214136091
    ), beta.start = c(9.79432941891255e-05, 0.00627434114483838
    ), intercept.start = c(0.0969194626194425, 0.0870890873400588
    ), value.part = c(0.0561273282081907, 0.0562164361997407)), row.names = c("Nelder-Mead6", 
"Nelder-Mead7"), class = "data.frame"), pedigree = structure(c(0, 
0, 25, 0, 0, 25, 0, 0, 25, 0, 0, 25, 0, 0, 25, 0, 0, 0, 0, 25, 
0, 0, 25, 0, 0, 25, 0, 0, 25, 0, 0, 25, 0, 0, 0, 25, 0, 0, 25, 
0, 0, 25, 0, 0, 25, 0, 0, 25, 0, 0, 25, 0, 0, 25, 0, 0, 25, 0, 
0, 25, 0, 0, 25, 0, 0, 0, 0, 25, 0, 0, 25, 0, 0, 25, 0, 0, 25, 
0, 0, 25, 0, 0, 0, 25, 0, 0, 25, 0, 0, 25, 0, 0, 25, 0, 0, 25, 
0, 0, 125, 0, 0, 125, 0, 0, 125, 0, 0, 125, 0, 0, 0, 0, 125, 
0, 0, 125, 0, 0, 125, 0, 0, 125, 0, 0, 0, 125, 0, 0, 125, 0, 
0, 125, 0, 0, 125, 0, 0, 125, 0, 0, 125, 0, 0, 125, 0, 0, 125, 
0, 0, 0, 0, 125, 0, 0, 125, 0, 0, 125, 0, 0, 125, 0, 0, 0, 125, 
0, 0, 125, 0, 0, 125, 0, 0, 125, 0, 0, 175, 0, 0, 175, 0, 0, 
175, 0, 0, 0, 0, 175, 0, 0, 175, 0, 0, 175, 0, 0, 0, 175, 0, 
0, 175, 0, 0, 175, 0, 0, 175, 0, 0, 175, 0, 0, 175, 0, 0, 0, 
0, 175, 0, 0, 175, 0, 0, 175, 0, 0, 0, 175, 0, 0, 175, 0, 0, 
175, 0, 0, 200, 0, 0, 200, 0, 0, 0, 0, 200, 0, 0, 200, 0, 0, 
0, 200, 0, 0, 200, 0, 0, 200, 0, 0, 200, 0, 0, 0, 0, 200, 0, 
0, 200, 0, 0, 0, 200, 0, 0, 200, 0, 0, 250, 0, 0, 0, 0, 250, 
0, 0, 0, 250, 0, 0, 250, 0, 0, 0, 0, 250, 0, 0, 0, 250, 0, 0, 
0, 0, 0, 0, 0, 0, 0, 0, 0, 0, 0, 0, 0, 0, 0, 0, 0, 0, 0, 0, 0, 
0, 0, 0, 0, 0, 0, 0, 0, 0, 0, 0, 0, 0, 0, 0, 0, 0, 0, 0, 50, 
50, 50, 50, 50, 50, 50, 50, 50, 50, 50, 50, 50, 50, 50, 50, 50, 
50, 50, 50, 50, 50, 50, 50, 50, 50, 50, 50, 50, 50, 50, 50, 50, 
50, 50, 50, 50, 50, 50, 50, 50, 50, 50, 50, 50, 50, 50, 50, 50, 
50, 50, 50, 50, 50, 50, 50, 50, 50, 50, 50, 50, 50, 50, 50, 50, 
50, 50, 50, 50, 50, 50, 50, 50, 50, 50, 50, 50, 50, 50, 50, 50, 
50, 50, 50, 50, 50, 50, 50, 50, 50, 50, 50, 50, 50, 50, 50, 150, 
150, 150, 150, 150, 150, 150, 150, 150, 150, 150, 150, 150, 150, 
150, 150, 150, 150, 150, 150, 150, 150, 150, 150, 150, 150, 150, 
150, 150, 150, 150, 150, 150, 150, 150, 150, 150, 150, 150, 150, 
150, 150, 150, 150, 150, 150, 150, 150, 150, 150, 150, 150, 150, 
150, 150, 150, 150, 150, 150, 150, 150, 150, 150, 150, 150, 150, 
150, 150, 150, 150, 150, 150, 150, 150, 150, 150, 150, 150, 200, 
200, 200, 200, 200, 200, 200, 200, 200, 200, 200, 200, 200, 200, 
200, 200, 200, 200, 200, 200, 200, 200, 200, 200, 200, 200, 200, 
200, 200, 200, 200, 200, 200, 200, 200, 200, 200, 200, 200, 200, 
200, 200, 200, 200, 200, 200, 200, 200, 200, 200, 200, 200, 200, 
200, 200, 200, 200, 200, 200, 200, 225, 225, 225, 225, 225, 225, 
225, 225, 225, 225, 225, 225, 225, 225, 225, 225, 225, 225, 225, 
225, 225, 225, 225, 225, 225, 225, 225, 225, 225, 225, 225, 225, 
225, 225, 225, 225, 225, 225, 225, 225, 225, 225, 275, 275, 275, 
275, 275, 275, 275, 275, 275, 275, 275, 275, 275, 275, 275, 275, 
275, 275, 275, 275, 275, 275, 275, 275, 400, 400, 400, 400, 400, 
400, 25, 25, 25, 25, 25, 25, 25, 25, 25, 25, 25, 25, 25, 25, 
25, 25, 25, 25, 25, 25, 25, 25, 25, 25, 25, 25, 25, 25, 25, 25, 
25, 25, 25, 25, 25, 25, 50, 50, 150, 150, 150, 200, 200, 200, 
225, 225, 225, 275, 275, 275, 400, 400, 400, 50, 150, 150, 150, 
200, 200, 200, 225, 225, 225, 275, 275, 275, 400, 400, 400, 150, 
150, 150, 200, 200, 200, 225, 225, 225, 275, 275, 275, 400, 400, 
400, 50, 50, 150, 150, 150, 200, 200, 200, 225, 225, 225, 275, 
275, 275, 400, 400, 400, 50, 150, 150, 150, 200, 200, 200, 225, 
225, 225, 275, 275, 275, 400, 400, 400, 150, 150, 150, 200, 200, 
200, 225, 225, 225, 275, 275, 275, 400, 400, 400, 150, 150, 200, 
200, 200, 225, 225, 225, 275, 275, 275, 400, 400, 400, 150, 200, 
200, 200, 225, 225, 225, 275, 275, 275, 400, 400, 400, 200, 200, 
200, 225, 225, 225, 275, 275, 275, 400, 400, 400, 150, 150, 200, 
200, 200, 225, 225, 225, 275, 275, 275, 400, 400, 400, 150, 200, 
200, 200, 225, 225, 225, 275, 275, 275, 400, 400, 400, 200, 200, 
200, 225, 225, 225, 275, 275, 275, 400, 400, 400, 200, 200, 225, 
225, 225, 275, 275, 275, 400, 400, 400, 200, 225, 225, 225, 275, 
275, 275, 400, 400, 400, 225, 225, 225, 275, 275, 275, 400, 400, 
400, 200, 200, 225, 225, 225, 275, 275, 275, 400, 400, 400, 200, 
225, 225, 225, 275, 275, 275, 400, 400, 400, 225, 225, 225, 275, 
275, 275, 400, 400, 400, 225, 225, 275, 275, 275, 400, 400, 400, 
225, 275, 275, 275, 400, 400, 400, 275, 275, 275, 400, 400, 400, 
225, 225, 275, 275, 275, 400, 400, 400, 225, 275, 275, 275, 400, 
400, 400, 275, 275, 275, 400, 400, 400, 275, 275, 400, 400, 400, 
275, 400, 400, 400, 400, 400, 400, 275, 275, 400, 400, 400, 275, 
400, 400, 400, 400, 400, 400, 400, 400, 400, 400, 400, 400, 50, 
50, 50, 150, 150, 150, 200, 200, 200, 225, 225, 225, 275, 275, 
275, 400, 400, 400, 50, 50, 50, 150, 150, 150, 200, 200, 200, 
