list(estimates = structure(list(alpha = c(7.9263296710316e-06, 
7.92716378912664e-06, 7.92906724052465e-06, 7.92829428684267e-06, 
7.92885379730108e-06, 7.92803775953507e-06, 7.92778619551498e-06, 
7.92988223773962e-06, 7.92601336785504e-06, 7.92665946768285e-06, 
7.92547494679439e-06, 7.9276833496287e-06, 7.9289569769403e-06, 
7.92952467861441e-06, 7.93024496884455e-06, 7.92945520360587e-06, 
7.92644161126521e-06, 7.92476992847264e-06, 7.9242092993052e-06, 
7.92667534937378e-06, 7.92433107836388e-06, 7.93064963240049e-06, 
7.92842677799513e-06, 7.92370221293774e-06, 7.93084024685234e-06, 
7.92562367120831e-06, 7.92607288105655e-06, 7.92913699655906e-06, 
7.93168092636301e-06, 7.92403347903191e-06, 7.92960646278837e-06, 
7.9235937157128e-06, 7.92818743284918e-06, 7.92082099198631e-06, 
7.93153803579095e-06, 7.93281170923387e-06, 7.93196156336566e-06, 
7.92386950296836e-06, 7.92199814609278e-06, 7.93563109045681e-06, 
7.93113250710983e-06, 7.9224056481649e-06, 7.9216313725748e-06, 
7.93144902630803e-06, 7.93495653585368e-06, 7.93587120666231e-06, 
7.92638546878069e-06, 7.92768781160532e-06, 7.9280666037065e-06, 
7.92752353732934e-06, 7.92562711627031e-06, 7.93440046465668e-06, 
7.9279638649738e-06, 7.9362534741252e-06, 7.92397530741335e-06, 
7.93124425896267e-06, 7.93775528923701e-06, 7.91577497718473e-06, 
7.93399307204098e-06, 7.91878845342975e-06, 7.94132964690917e-06, 
7.94090711812831e-06, 7.94410153153017e-06, 7.92830723609799e-06, 
7.91952578943785e-06, 7.91509326100757e-06, 7.93694407677457e-06, 
7.90656303247899e-06, 7.90244717320349e-06, 7.90149330577018e-06, 
7.89815064168036e-06, 7.89304439999048e-06, 7.9452551484692e-06, 
7.88612221148008e-06, 7.98381629038287e-06, 7.94742814077306e-06, 
7.93445613455474e-06, 7.89825364884242e-06, 7.93670330724845e-06, 
8.01105245602402e-06, 7.98626201757742e-06, 7.90717220934156e-06, 
7.93940243950589e-06, 8.00302532421733e-06, 7.98135079701559e-06, 
7.94338105854139e-06, 8.01971950118016e-06, 8.2610851882119e-06, 
6.47647242892149e-06, 1.0749887867023e-05, 3.64816850234672e-06
), beta = c(5.66133100673378e-05, 5.66174250204586e-05, 5.6624080719946e-05, 
5.66328001865747e-05, 5.66175965935187e-05, 5.66142242033873e-05, 
5.66113335480421e-05, 5.66274217032348e-05, 5.66126933901909e-05, 
5.66130950675767e-05, 5.66058134596082e-05, 5.66121848141963e-05, 
5.66366071157741e-05, 5.66389818865982e-05, 5.66366676700707e-05, 
5.66288871500295e-05, 5.66265340771609e-05, 5.65933444296044e-05, 
5.66090517794343e-05, 5.66059906948943e-05, 5.65899480833787e-05, 
5.66504752761373e-05, 5.6638377717613e-05, 5.66064498314872e-05, 
5.66556129029008e-05, 5.65975782098222e-05, 5.65990160709037e-05, 
5.66533773998097e-05, 5.66588493890638e-05, 5.65938939765868e-05, 
5.66196270874716e-05, 5.6596380267309e-05, 5.66102155049487e-05, 
5.65834427419739e-05, 5.66578100275317e-05, 5.66305711640701e-05, 
5.66190031171431e-05, 5.66001676925899e-05, 5.6564044454258e-05, 
5.66743031889176e-05, 5.6670608554927e-05, 5.65723039029352e-05, 
5.66111166742045e-05, 5.66095271528726e-05, 5.66588835953226e-05, 
5.6654019878363e-05, 5.65732649858202e-05, 5.66572565107495e-05, 
5.66202786547073e-05, 5.66566143915805e-05, 5.66099305040927e-05, 
5.66260439316735e-05, 5.6667211205909e-05, 5.66782909364291e-05, 
5.66421856069154e-05, 5.66479779955624e-05, 5.66921929200526e-05, 
5.65582559777674e-05, 5.66192434175401e-05, 5.6583762287428e-05, 
5.66826150968979e-05, 5.66855491491113e-05, 5.67275792866059e-05, 
5.66946057448302e-05, 5.66193346610158e-05, 5.6578269175631e-05, 
5.65871657092437e-05, 5.65390434853752e-05, 5.65779398665191e-05, 
5.65935007119593e-05, 5.63986194525102e-05, 5.65343254885467e-05, 
5.64835693819533e-05, 5.65632451063939e-05, 5.68395200216746e-05, 
5.64392294787435e-05, 5.69588820366982e-05, 5.67795846707179e-05, 
5.67447401311442e-05, 5.7166715609713e-05, 5.66033827009409e-05, 
5.69873787252726e-05, 5.65998744401356e-05, 5.72452658367967e-05, 
5.63846145562168e-05, 5.77019469061364e-05, 5.59589552497035e-05, 
5.89771013271737e-05, 4.6230461648577e-05, 7.62662335112886e-05, 
2.62149907800966e-05), intercept = c(0.0155435226253223, 0.0155428175162069, 
0.0155421915153366, 0.0155421376603127, 0.0155426466926517, 0.0155425741610951, 
0.0155428614297523, 0.0155421408486714, 0.0155443038510577, 0.0155442161427093, 
0.015544620259182, 0.015542697530434, 0.0155415911780043, 0.0155416901479447, 
0.0155418063151131, 0.0155428659858459, 0.0155426660772862, 0.0155453241928523, 
0.0155445777444329, 0.0155428368310701, 0.0155453715082579, 0.0155401660459473, 
0.015540981412847, 0.0155441180349432, 0.0155407818054551, 0.0155432944779162, 
0.0155455960555351, 0.0155412198904244, 0.0155394175891901, 0.0155438125659922, 
0.0155408823227715, 0.0155437986573192, 0.0155415810106934, 0.015546748440682, 
0.0155415486967748, 0.0155417492254282, 0.015541181948039, 0.0155467398382049, 
0.0155472888873636, 0.0155381384109508, 0.0155391048470456, 0.0155450181129176, 
0.0155447792803473, 0.0155414134636846, 0.0155405232955548, 0.0155383516071439, 
0.0155448020535145, 0.0155425682317228, 0.0155400611633486, 0.0155428687699036, 
0.0155467533576411, 0.0155399395799663, 0.0155407962839888, 0.0155361777656944, 
0.0155440415578662, 0.0155376774654347, 0.015538325126295, 0.0155486029715462, 
0.0155432380816209, 0.0155440695851692, 0.0155346542522713, 0.0155336469688945, 
0.0155325542567328, 0.0155378903355389, 0.0155419859296654, 0.0155527820056776, 
0.0155387042342551, 0.0155580381502611, 0.0155477759882467, 0.0155515914158034, 
0.0155511491730302, 0.0155485350278661, 0.0155444385076266, 0.015552101698398, 
0.0155213038073773, 0.0155445271085942, 0.0155357391095138, 0.0155464386546909, 
0.0155570537772149, 0.0154903396952179, 0.0155153942716086, 0.0155331912931102, 
0.0155706580767386, 0.015514695170238, 0.015548450244963, 0.0154912628560175, 
0.0155407995803414, 0.015297107402715, 0.016599822055358, 0.0135229835988851, 
0.0191712791165969), value = c(0.0182778841434273, 0.0182778841497594, 
0.0182778841696181, 0.0182778842295344, 0.0182778842370908, 0.018277884258151, 
0.0182778842595008, 0.0182778842626575, 0.0182778842765879, 0.0182778842779069, 
0.0182778842792028, 0.0182778842792568, 0.0182778842861908, 0.0182778842865531, 
0.0182778843072848, 0.0182778844118088, 0.0182778844439374, 0.018277884490894, 
0.0182778845197945, 0.0182778845358119, 0.0182778845401674, 0.0182778847088326, 
0.0182778847146247, 0.0182778847351933, 0.0182778848057059, 0.0182778848313932, 
0.0182778849203251, 0.0182778850246271, 0.0182778850357372, 0.0182778850471038, 
0.0182778851181483, 0.018277885141466, 0.0182778851952979, 0.0182778853202772, 
0.0182778854337254, 0.0182778854649375, 0.0182778855281649, 0.0182778856101579, 
0.0182778856795546, 0.018277885837401, 0.0182778858897548, 0.0182778859568469, 
0.0182778859987889, 0.0182778860747058, 0.0182778861257686, 0.0182778862095223, 
0.0182778862936229, 0.0182778864745176, 0.018277886687121, 0.0182778867016403, 
0.0182778868393728, 0.0182778868534344, 0.0182778869707017, 0.018277887167261, 
0.0182778873228087, 0.0182778876448478, 0.0182778876772777, 0.0182778878570551, 
0.01827788859161, 0.0182778896174041, 0.0182778900441687, 0.0182778910082718, 
0.0182778915970182, 0.0182778921330617, 0.0182778928120047, 0.0182778957810537, 
0.0182778990056022, 0.0182779075866171, 0.0182779220049189, 0.0182779227745285, 
0.0182779432930628, 0.018277956804919, 0.0182779697096469, 0.0182779852175265, 
0.0182779855174109, 0.0182780128857156, 0.0182780340080355, 0.0182780538354621, 
0.0182780587838748, 0.0182780764835082, 0.0182781792226772, 0.0182782138855954, 
0.0182782150036811, 0.0182782217028684, 0.0182784142413673, 0.0182792005040415, 
0.0182800744612952, 0.0182817781004954, 0.0183501585985573, 0.0185395311682061, 
0.0191922686670106),