list(estimates = structure(list(alpha = c(1.61504493489877e-05, 
1.6151456180412e-05, 1.61537051690528e-05, 1.61473613364633e-05, 
1.61556092854219e-05, 1.61484818732396e-05, 1.61487067145975e-05, 
1.6154510087788e-05, 1.61486800850943e-05, 1.6148299120654e-05, 
1.61504622638441e-05, 1.61552120247837e-05, 1.61499753257959e-05, 
1.61505601197844e-05, 1.61489768808416e-05, 1.61544185319685e-05, 
1.61547807924496e-05, 1.61464744158343e-05, 1.61589542062431e-05, 
1.61462562814645e-05, 1.61463002511561e-05, 1.61479752428721e-05, 
1.61514383270079e-05, 1.61554683612933e-05, 1.61563461879552e-05, 
1.61541489472898e-05, 1.61528700572422e-05, 1.61465903090423e-05, 
1.6156171097872e-05, 1.61479192112978e-05, 1.61602123262496e-05, 
1.61575211551875e-05, 1.61586920175357e-05, 1.61590823322729e-05, 
1.61432804440415e-05, 1.61602915971904e-05, 1.61496222900341e-05, 
1.61619521320572e-05, 1.61467927600987e-05, 1.61606204678812e-05, 
1.61656526364523e-05, 1.61641719513508e-05, 1.61583802039843e-05, 
1.61371300907851e-05, 1.61548208634042e-05, 1.6153156071934e-05, 
1.61600966671097e-05, 1.61660782491799e-05, 1.61358859674932e-05, 
1.61621537931729e-05, 1.61490870684008e-05, 1.61318013982852e-05, 
1.61568497224128e-05, 1.61304182746198e-05, 1.61731504755379e-05, 
1.61339948726876e-05, 1.61394996687254e-05, 1.61499777928297e-05, 
1.61672764954287e-05, 1.61629048006367e-05, 1.61492220328686e-05, 
1.61376353510278e-05, 1.61541100598534e-05, 1.61268727434249e-05, 
1.61237674254507e-05, 1.61764218929091e-05, 1.61287844648307e-05, 
1.6165786473776e-05, 1.61788372889367e-05, 1.61697789234329e-05, 
1.61677656081112e-05, 1.61597180301354e-05, 1.61149068101535e-05, 
1.62206217325425e-05, 1.61005943786001e-05, 1.61546985728514e-05, 
1.61511123897253e-05, 1.62689740308237e-05, 1.62133925825297e-05, 
1.62481455913098e-05, 1.7051258566216e-05, 1.67394783881129e-05, 
1.74410707664042e-05, 1.12934129439043e-05, 9.65680476238572e-06, 
2.09874181051574e-06, 0.0392051605537879), beta = c(8.55225505090225e-05, 
8.55348131882103e-05, 8.55258419260533e-05, 8.55179809410179e-05, 
8.55484181471031e-05, 8.55103498226814e-05, 8.55020341902258e-05, 
8.55572912384676e-05, 8.55257365290167e-05, 8.54924498499103e-05, 
8.55266268232707e-05, 8.55127702525198e-05, 8.5491879822796e-05, 
8.55322656962038e-05, 8.54887354932463e-05, 8.55023371422947e-05, 
8.55665761452134e-05, 8.55357672512265e-05, 8.55650050638839e-05, 
8.55034103752217e-05, 8.55374584518128e-05, 8.55010175005717e-05, 
8.55588477007011e-05, 8.55012750856997e-05, 8.55657903547942e-05, 
8.5493756493865e-05, 8.55380792091326e-05, 8.54956195099522e-05, 
8.55708876435562e-05, 8.54749470951133e-05, 8.55329436162344e-05, 
8.55128820921466e-05, 8.55102502404682e-05, 8.55436483279588e-05, 
8.55194213980589e-05, 8.55263236806496e-05, 8.5513008198532e-05, 
8.55840208643717e-05, 8.55126498025826e-05, 8.55421623370448e-05, 
8.55775795980798e-05, 8.55778842296087e-05, 8.55936479513281e-05, 
8.54677515230575e-05, 8.55928676045729e-05, 8.5468929538419e-05, 
8.55919956277071e-05, 8.55805942380811e-05, 8.54771095921394e-05, 
8.54937269479813e-05, 8.5536139683018e-05, 8.54540433084254e-05, 
8.55892528189369e-05, 8.54561074033372e-05, 8.56028103428771e-05, 
8.55246545030464e-05, 8.55659592778524e-05, 8.54578963747124e-05, 
8.55406404141459e-05, 8.54851311269054e-05, 8.55801201923801e-05, 
8.55727752378353e-05, 8.55831435974692e-05, 8.54570870883942e-05, 
8.53757200451601e-05, 8.56945239478198e-05, 8.55049497067553e-05, 
8.55278486550803e-05, 8.56182858260852e-05, 8.54565777024706e-05, 
8.56934430531758e-05, 8.58376077725376e-05, 8.50668058024282e-05, 
8.60750540572245e-05, 8.54908036128576e-05, 8.60467644129746e-05, 
8.60689642884823e-05, 8.59254830394282e-05, 8.50004772163056e-05, 
8.50792987112861e-05, 9.05016913889508e-05, 8.22338113072046e-05, 
7.96076002082446e-05, 6.01236916201233e-05, 5.11708582304198e-05, 
1.11059239678467e-05, 1.84229425646232), intercept = c(0.0502367042526308, 
0.0502345806353418, 0.0502360776430139, 0.0502372952905868, 0.0502330205197604, 
0.0502384027951109, 0.0502387586402586, 0.0502335009818469, 0.0502378265788214, 
0.0502380669617869, 0.0502376424258035, 0.0502358863425302, 0.0502377178169776, 
0.0502341042849818, 0.0502379875593063, 0.0502356230285166, 0.0502321853285209, 
0.0502374139196192, 0.0502309691684844, 0.0502368635792762, 0.0502371791466057, 
0.0502361716803281, 0.0502328322835385, 0.05023532452221, 0.0502337529737274, 
0.050237112393947, 0.0502325194627515, 0.0502406801323875, 0.0502335468660371, 
0.0502386099169906, 0.0502318885185478, 0.0502334097938763, 0.050234078258316, 
0.0502348189760592, 0.050240103292558, 0.0502319895284008, 0.0502342640633986, 
0.0502299932996398, 0.0502405036578092, 0.0502304594548226, 0.050228729887966, 
0.0502278073888477, 0.0502282354254525, 0.050241721003062, 0.0502333605535455, 
0.0502363729506594, 0.0502273287901415, 0.0502307137863443, 0.0502440799631255, 
0.0502343871993954, 0.0502317634301381, 0.0502461606839677, 0.050226840817702, 
0.0502452254862282, 0.0502260943919307, 0.0502418709209004, 0.0502384030377821, 
0.0502440890382598, 0.0502344593655852, 0.0502315737999197, 0.0502384214223701, 
0.0502388438973375, 0.0502264795603399, 0.0502509008069591, 0.0502532600447783, 
0.0502187583994831, 0.050237704573513, 0.0502391740474835, 0.0502300885171642, 
0.0502287323943916, 0.0502302937063025, 0.0502196948275766, 0.0502768498601306, 
0.0501816528712886, 0.0502301390218656, 0.0501987321768815, 0.0501923812234791, 
0.0502050481963724, 0.0502504278530393, 0.0502272452974424, 0.0496057786194783, 
0.0502508463539213, 0.0502203102729081, 0.0535750522180936, 0.0543885034058715, 
0.0581935559978405, 0.0192648776979766), value = c(0.0492672364998675, 
0.0492672367193676, 0.0492672368016765, 0.0492672368252022, 0.0492672368875257, 
0.0492672369290438, 0.0492672370755814, 0.0492672371183798, 0.0492672371759416, 
0.049267237219811, 0.0492672373089727, 0.0492672373168489, 0.0492672373326304, 
0.0492672374684241, 0.0492672374697753, 0.049267237717273, 0.0492672377219699, 
0.0492672378405652, 0.0492672378807786, 0.0492672379274404, 0.0492672379294746, 
0.0492672381521679, 0.0492672381797742, 0.0492672381812263, 0.0492672381962642, 
0.0492672382080477, 0.0492672382643137, 0.0492672383422557, 0.0492672385068342, 
0.0492672385236286, 0.0492672386012569, 0.049267238691328, 0.049267238898319, 
0.0492672390416139, 0.0492672391082739, 0.0492672391287645, 0.0492672391299152, 
0.0492672392123144, 0.0492672392949311, 0.0492672393180975, 0.0492672403545189, 
0.04926724058713, 0.0492672410583086, 0.0492672413053404, 0.0492672413852529, 
0.0492672416193455, 0.0492672417213891, 0.0492672418866417, 0.0492672418937412, 
0.0492672429307949, 0.0492672429685403, 0.0492672446482522, 0.0492672451224006, 
0.0492672454241104, 0.0492672456915348, 0.0492672460521783, 0.0492672463138758, 
0.0492672468605913, 0.0492672477645205, 0.049267248074134, 0.0492672483615197, 
0.0492672497639374, 0.0492672498568871, 0.0492672554064763, 0.049267256828271, 
0.0492672575727493, 0.0492672608328197, 0.0492672618287756, 0.0492672675685084, 
0.0492672693979943, 0.0492672770438218, 0.0492673250174137, 0.0492674015862152, 
0.0492674565344329, 0.0492674726764408, 0.0492675354444657, 0.0492676237118087, 
0.049267703539883, 0.0492678648035528, 0.0492680159550234, 0.0492923259691375, 
0.0493035382499599, 0.0494177065905822, 0.0499789456453691, 0.0504116961925735, 
0.0544795667106084, 0.0613242598471407), fevals = c(340, 211, 
286, 276, 165, 150, 200, 346, 272, 280, 158, 198, 167, 162, 292, 
187, 139, 278, 322, 172, 168, 250, 216, 208, 234, 156, 246, 172, 
242, 194, 154, 244, 178, 188, 354, 159, 166, 184, 140, 274, 205, 
207, 158, 206, 237, 478, 360, 324, 192, 157, 222, 290, 262, 278, 
173, 200, 169, 194, 248, 212, 320, 312, 304, 281, 314, 261, 491, 
262, 267, 144, 181, 230, 321, 238, 192, 225, 359, 307, 318, 297, 
144, 421, 398, 157, 306, 244, 369),