list(estimates = structure(list(alpha = c(2.17012703227749e-05, 
2.17198781226922e-05, 2.17086800328485e-05, 2.17202331829977e-05, 
2.17058906487153e-05, 2.17217039309027e-05, 2.17254283088408e-05, 
2.16775425584558e-05, 1.83824499931532e-05), beta = c(7.17464699055085e-05, 
7.17998135683188e-05, 7.17444659098814e-05, 7.17392347614261e-05, 
7.17883479073901e-05, 7.18244352471953e-05, 7.18457719786773e-05, 
7.17143323414343e-05, 6.08682917519636e-05), intercept = c(0.0629784789456556, 
0.0629701267746008, 0.0629742383818207, 0.0629737749677888, 0.0629733159069712, 
0.0629657733626942, 0.0629658071799534, 0.0629777447172322, 0.0650762075203623
), value = c(0.076108977963448, 0.0761089786754139, 0.0761089792204687, 
0.0761089807040308, 0.0761089817724142, 0.0761089844361955, 0.0761089884494172, 
0.0761090321071343, 0.0763902153493357), fevals = c(186, 258, 
253, 356, 372, 222, 198, 214, 131), gevals = c(NA_real_, NA_real_, 
NA_real_, NA_real_, NA_real_, NA_real_, NA_real_, NA_real_, NA_real_
), niter = c(NA_real_, NA_real_, NA_real_, NA_real_, NA_real_, 
NA_real_, NA_real_, NA_real_, NA_real_), convcode = c(0, 0, 0, 
0, 0, 0, 0, 0, 0), kkt1 = c(FALSE, FALSE, FALSE, FALSE, FALSE, 
FALSE, FALSE, FALSE, FALSE), kkt2 = c(TRUE, TRUE, TRUE, TRUE, 
TRUE, TRUE, TRUE, TRUE, TRUE), xtime = c(0.646000000000001, 0.869, 
0.874000000000009, 1.39100000000001, 1.27200000000001, 0.75200000000001, 
0.685999999999993, 0.74199999999999, 0.453000000000003), PrMMinf = c(0.232228947107344, 
0.232249248580232, 0.232294801997912, 0.23240270526592, 0.232162868899025, 
0.232203104497427, 0.232180716311051, 0.232113795570468, 0.231953033982623
), PrUUinf = c(0.767771052892656, 0.767750751419768, 0.767705198002087, 
0.76759729473408, 0.767837131100975, 0.767796895502573, 0.767819283688949, 
0.767886204429532, 0.768046966017377), alpha.start = c(1.53141822102182e-05, 
1.54201401734392e-08, 3.01553535556525e-06, 4.7559541408598e-08, 
2.23888829919176e-05, 1.34337484642957e-05, 1.28818002165381e-07, 
0.000429509829036359, 0.000976865832211339), beta.start = c(1.80696790185574e-07, 
8.69438297275973e-08, 0.000198160398831109, 1.29246215324782e-08, 
0.00259127325400661, 9.22423310390304e-05, 8.83466455888948e-09, 
0.00346799230524209, 6.46901937105777e-07), intercept.start = c(0.045422597362306, 
0.0404158966676891, 0.0731078499680385, 0.00284943660632707, 
0.00913944778823294, 0.00293704849856906, 0.120042285237117, 
0.0560131866261549, 0.0631130007624719), value.part = c(0.0761089779500053, 
0.0761089784339569, 0.0761089774414112, 0.0761089696198298, 0.0761089805490508, 
0.0761089843051726, 0.0761089878472395, 0.0761090280526196, 0.0763901904833008
)), row.names = c("Nelder-Mead3", "Nelder-Mead2", "Nelder-Mead9", 
"Nelder-Mead7", "Nelder-Mead1", "Nelder-Mead8", "Nelder-Mead4", 
"Nelder-Mead6", "Nelder-Mead5"), class = "data.frame"), estimates.flagged = structure(list(
    alpha = 0.0223758094784427, beta = 0.0547795829920998, intercept = -0.336808649898432, 
    value = 0.0849828558210767, fevals = 170, gevals = NA_real_, 
    niter = NA_real_, convcode = 0, kkt1 = FALSE, kkt2 = FALSE, 
    xtime = 0.580000000000013, PrMMinf = 0.29000966441828, PrUUinf = 0.70999033558172, 
    alpha.start = 0.00322440424071843, beta.start = 0.00797990471167461, 
    intercept.start = 0.090987879345743, value.part = 0.0838408029636476), row.names = "Nelder-Mead", class = "data.frame"), 
    pedigree = structure(c(0, 0, 25, 0, 0, 25, 0, 0, 25, 0, 0, 
    25, 0, 0, 25, 0, 0, 0, 0, 25, 0, 0, 25, 0, 0, 25, 0, 0, 25, 
    0, 0, 25, 0, 0, 0, 25, 0, 0, 25, 0, 0, 25, 0, 0, 25, 0, 0, 
    25, 0, 0, 25, 0, 0, 25, 0, 0, 25, 0, 0, 25, 0, 0, 25, 0, 
    0, 0, 0, 25, 0, 0, 25, 0, 0, 25, 0, 0, 25, 0, 0, 25, 0, 0, 
    0, 25, 0, 0, 25, 0, 0, 25, 0, 0, 25, 0, 0, 25, 0, 0, 125, 
    0, 0, 125, 0, 0, 125, 0, 0, 125, 0, 0, 0, 0, 125, 0, 0, 125, 
    0, 0, 125, 0, 0, 125, 0, 0, 0, 125, 0, 0, 125, 0, 0, 125, 
    0, 0, 125, 0, 0, 125, 0, 0, 125, 0, 0, 125, 0, 0, 125, 0, 
    0, 0, 0, 125, 0, 0, 125, 0, 0, 125, 0, 0, 125, 0, 0, 0, 125, 
    0, 0, 125, 0, 0, 125, 0, 0, 125, 0, 0, 175, 0, 0, 175, 0, 
    0, 175, 0, 0, 0, 0, 175, 0, 0, 175, 0, 0, 175, 0, 0, 0, 175, 
    0, 0, 175, 0, 0, 175, 0, 0, 175, 0, 0, 175, 0, 0, 175, 0, 
    0, 0, 0, 175, 0, 0, 175, 0, 0, 175, 0, 0, 0, 175, 0, 0, 175, 
    0, 0, 175, 0, 0, 200, 0, 0, 200, 0, 0, 0, 0, 200, 0, 0, 200, 
    0, 0, 0, 200, 0, 0, 200, 0, 0, 200, 0, 0, 200, 0, 0, 0, 0, 
    200, 0, 0, 200, 0, 0, 0, 200, 0, 0, 200, 0, 0, 250, 0, 0, 
    0, 0, 250, 0, 0, 0, 250, 0, 0, 250, 0, 0, 0, 0, 250, 0, 0, 
    0, 250, 0, 0, 0, 0, 0, 0, 0, 0, 0, 0, 0, 0, 0, 0, 0, 0, 0, 
    0, 0, 0, 0, 0, 0, 0, 0, 0, 0, 0, 0, 0, 0, 0, 0, 0, 0, 0, 
    0, 0, 0, 0, 0, 0, 50, 50, 50, 50, 50, 50, 50, 50, 50, 50, 
    50, 50, 50, 50, 50, 50, 50, 50, 50, 50, 50, 50, 50, 50, 50, 
    50, 50, 50, 50, 50, 50, 50, 50, 50, 50, 50, 50, 50, 50, 50, 
    50, 50, 50, 50, 50, 50, 50, 50, 50, 50, 50, 50, 50, 50, 50, 
    50, 50, 50, 50, 50, 50, 50, 50, 50, 50, 50, 50, 50, 50, 50, 
    50, 50, 50, 50, 50, 50, 50, 50, 50, 50, 50, 50, 50, 50, 50, 
    50, 50, 50, 50, 50, 50, 50, 50, 50, 50, 50, 150, 150, 150, 
    150, 150, 150, 150, 150, 150, 150, 150, 150, 150, 150, 150, 
    150, 150, 150, 150, 150, 150, 150, 150, 150, 150, 150, 150, 
    150, 150, 150, 150, 150, 150, 150, 150, 150, 150, 150, 150, 
    150, 150, 150, 150, 150, 150, 150, 150, 150, 150, 150, 150, 
    150, 150, 150, 150, 150, 150, 150, 150, 150, 150, 150, 150, 
    150, 150, 150, 150, 150, 150, 150, 150, 150, 150, 150, 150, 
    150, 150, 150, 200, 200, 200, 200, 200, 200, 200, 200, 200, 
    200, 200, 200, 200, 200, 200, 200, 200, 200, 200, 200, 200, 
    200, 200, 200, 200, 200, 200, 200, 200, 200, 200, 200, 200, 
    200, 200, 200, 200, 200, 200, 200, 200, 200, 200, 200, 200, 
    200, 200, 200, 200, 200, 200, 200, 200, 200, 200, 200, 200, 
    200, 200, 200, 225, 225, 225, 225, 225, 225, 225, 225, 225, 
    225, 225, 225, 225, 225, 225, 225, 225, 225, 225, 225, 225, 
    225, 225, 225, 225, 225, 225, 225, 225, 225, 225, 225, 225, 
    225, 225, 225, 225, 225, 225, 225, 225, 225, 275, 275, 275, 
    275, 275, 275, 275, 275, 275, 275, 275, 275, 275, 275, 275, 
    275, 275, 275, 275, 275, 275, 275, 275, 275, 400, 400, 400, 
    400, 400, 400, 25, 25, 25, 25, 25, 25, 25, 25, 25, 25, 25, 
    25, 25, 25, 25, 25, 25, 25, 25, 25, 25, 25, 25, 25, 25, 25, 
    25, 25, 25, 25, 25, 25, 25, 25, 25, 25, 50, 50, 150, 150, 
    150, 200, 200, 200, 225, 225, 225, 275, 275, 275, 400, 400, 
    400, 50, 150, 150, 150, 200, 200, 200, 225, 225, 225, 275, 
    275, 275, 400, 400, 400, 150, 150, 150, 200, 200, 200, 225, 
    225, 225, 275, 275, 275, 400, 400, 400, 50, 50, 150, 150, 
    150, 200, 200, 200, 225, 225, 225, 275, 275, 275, 400, 400, 
    400, 50, 150, 150, 150, 200, 200, 200, 225, 225, 225, 275, 
    275, 275, 400, 400, 400, 150, 150, 150, 200, 200, 200, 225, 
    225, 225, 275, 275, 275, 400, 400, 400, 150, 150, 200, 200, 
    200, 225, 225, 225, 275, 275, 275, 400, 400, 400, 150, 200, 
    200, 200, 225, 225, 225, 275, 275, 275, 400, 400, 400, 200, 
    200, 200, 225, 225, 225, 275, 275, 275, 400, 400, 400, 150, 
    150, 200, 200, 200, 225, 225, 225, 275, 275, 275, 400, 400, 
    400, 150, 200, 200, 200, 225, 225, 225, 275, 275, 275, 400, 
    400, 400, 200, 200, 200, 225, 225, 225, 275, 275, 275, 400, 
    400, 400, 200, 200, 225, 225, 225, 275, 275, 275, 400, 400, 
    400, 200, 225, 225, 225, 275, 275, 275, 400, 400, 400, 225, 
    225, 225, 275, 275, 275, 400, 400, 400, 200, 200, 225, 225, 
    225, 275, 275, 275, 400, 400, 400, 200, 225, 225, 225, 275, 
    275, 275, 400, 400, 400, 225, 225, 225, 275, 275, 275, 400, 
    400, 400, 225, 225, 275, 275, 275, 400, 400, 400, 225, 275, 
    275, 275, 400, 400, 400, 275, 275, 275, 400, 400, 400, 225, 
    225, 275, 275, 275, 400, 400, 400, 225, 275, 275, 275, 400, 
    400, 400, 275, 275, 275, 400, 400, 400, 275, 275, 400, 400, 
    400, 275, 400, 400, 400, 400, 400, 400, 275, 275, 400, 400, 
