list(estimates = structure(list(alpha = c(1.71717597965496e-05, 
1.71728955192062e-05, 1.71755347886039e-05, 1.71752627459015e-05, 
1.71769990482935e-05, 1.71745973908284e-05, 1.7171699781946e-05, 
1.7171916579656e-05, 1.71768511300939e-05, 1.71764184710327e-05, 
1.71781171900868e-05, 1.71695033156018e-05, 1.71701140939941e-05, 
1.71757649885582e-05, 1.71691429334313e-05, 1.71684184436161e-05, 
1.71708466419663e-05, 1.71703708809683e-05, 1.71777282946382e-05, 
1.71682833956159e-05, 1.71728063193181e-05, 1.717169841695e-05, 
1.717616904882e-05, 1.71755665128342e-05, 1.71665494329329e-05, 
1.71669742631247e-05, 1.71676358112252e-05, 1.71661319456824e-05, 
1.71806802711579e-05, 1.71780305512691e-05, 1.71675990662382e-05, 
1.71653298066342e-05, 1.7164255726354e-05, 1.71805561728607e-05, 
1.71681507953344e-05, 1.7162971845263e-05, 1.716283241406e-05, 
1.71689400977256e-05, 1.71764171714174e-05, 1.71719465134557e-05, 
1.71680611036979e-05, 1.71840659473471e-05, 1.71733845014787e-05, 
1.71771616044658e-05, 1.71684538805877e-05, 1.71749451674022e-05, 
1.71752860338398e-05, 1.71712435050739e-05, 1.71868317929727e-05, 
1.71867281639421e-05, 1.71811408625224e-05, 1.71654294418409e-05, 
1.71823235141245e-05, 1.71746993971837e-05, 1.71659288127517e-05, 
1.71885683520815e-05, 1.71590309317982e-05, 1.71614956445094e-05, 
1.71845799772882e-05, 1.71744282491918e-05, 1.718133807545e-05, 
1.71924575222168e-05, 1.71754420855984e-05, 1.71525031134284e-05, 
1.71930114105624e-05, 1.71864523106111e-05, 1.71970648896044e-05, 
1.71635940366586e-05, 1.71722316940502e-05, 1.71697449165836e-05, 
1.7145101233136e-05, 1.71954206660806e-05, 1.71661833427948e-05, 
1.72074708842352e-05, 1.71749940358904e-05, 1.71432036876613e-05, 
1.72183226451602e-05, 1.71485782397903e-05, 1.71744826095426e-05, 
1.71550149133599e-05, 1.7230278807377e-05, 1.72261005002514e-05, 
1.72002427899962e-05, 1.71395291409398e-05, 1.71386444362924e-05, 
1.72273251381901e-05, 1.72271282820629e-05, 1.70915662545762e-05, 
1.73426229492275e-05, 1.77543726014168e-06), beta = c(8.78529368674806e-05, 
8.7844107085569e-05, 8.78560940502915e-05, 8.78593715827547e-05, 
8.78700260246335e-05, 8.78688194275044e-05, 8.78652047206054e-05, 
8.78576216085037e-05, 8.78555769059515e-05, 8.78757263949528e-05, 
8.78660920801454e-05, 8.78386060171146e-05, 8.78598664301222e-05, 
8.78848250491266e-05, 8.78493556141803e-05, 8.78427321062187e-05, 
8.78670295864434e-05, 8.78615125805714e-05, 8.78822748572038e-05, 
8.78602738094037e-05, 8.78350804685404e-05, 8.78240722413986e-05, 
8.78712605872922e-05, 8.78351245423186e-05, 8.78220368314223e-05, 
8.78478583523651e-05, 8.78228101557264e-05, 8.7832142827128e-05, 
8.78772283230783e-05, 8.78355757693643e-05, 8.78457241472041e-05, 
8.78353609999201e-05, 8.78349218434874e-05, 8.78503831985647e-05, 
8.78745730634752e-05, 8.78261215436654e-05, 8.78079281377456e-05, 
8.78628221421011e-05, 8.78425123787704e-05, 8.78709993852709e-05, 
8.78194792457035e-05, 8.78584502283928e-05, 8.79022057069059e-05, 
8.79189843469488e-05, 8.77884219515287e-05, 8.79096110054974e-05, 
8.79091738289761e-05, 8.77916837737439e-05, 8.78861032634401e-05, 
8.79028261168769e-05, 8.79256458173481e-05, 8.78964800060134e-05, 
8.78287195475114e-05, 8.7806274366698e-05, 8.77802756357492e-05, 
8.78627052618155e-05, 8.78644649884639e-05, 8.78046513760461e-05, 
8.79158162148243e-05, 8.79378524447387e-05, 8.7933062594392e-05, 
8.79558522915519e-05, 8.77591655279756e-05, 8.78014085714934e-05, 
8.79206390081691e-05, 8.79902490682354e-05, 8.78566211085514e-05, 
8.77040247516347e-05, 8.78662612415312e-05, 8.79847156442555e-05, 
8.78383224441647e-05, 8.79078027601474e-05, 8.79735001583902e-05, 
8.80294779399633e-05, 8.78978065735319e-05, 8.76911968483852e-05, 
8.79400663072147e-05, 8.76502224622912e-05, 8.80428896128244e-05, 
8.80075711493793e-05, 8.81603498216034e-05, 8.81496854532681e-05, 
8.76490812225876e-05, 8.80420477094601e-05, 8.77136590966426e-05, 
8.81779290042377e-05, 8.84485611112715e-05, 8.82528309217803e-05, 
8.69090159963861e-05, 9.07528670445623e-06), intercept = c(0.0351065545726512, 
0.0351067384453317, 0.0351053458132357, 0.0351062474181213, 0.0351048132275352, 
0.0351045047870654, 0.0351059390228443, 0.0351075060603454, 0.0351048202118055, 
0.0351049191158896, 0.0351038424188103, 0.0351090536588028, 0.0351062524828171, 
0.0351040647082361, 0.035108721037466, 0.0351074285408304, 0.0351053966431502, 
0.0351080787625804, 0.035104742699654, 0.0351078821521889, 0.0351089026941996, 
0.0351075797652071, 0.035106289126364, 0.0351057105001307, 0.0351107305116262, 
0.0351095721196022, 0.0351108169335439, 0.0351107691957145, 0.0351043553083348, 
0.035106291381789, 0.035110112009945, 0.0351106879414952, 0.0351097049512197, 
0.0351040222074402, 0.0351066861584621, 0.0351103410659544, 0.0351120692950507, 
0.0351094518130847, 0.0351037067139749, 0.0351085774653523, 0.035112164413257, 
0.0351024719833473, 0.0351055467635253, 0.0351010478500981, 0.0351106109239483, 
0.0351010823608427, 0.0351049279496791, 0.0351092660689054, 0.0350993597036448, 
0.0351015064437161, 0.0350986463746588, 0.0351054847138261, 0.0351031269883723, 
0.0351116212498996, 0.0351094638747443, 0.0350994167598865, 0.0351084835232737, 
0.0351160733096281, 0.035103619512437, 0.0351039084774668, 0.0351034453055837, 
0.0350938008819919, 0.0351120269842504, 0.0351117436594238, 0.0351012181983339, 
0.0350964973287503, 0.0351014559566223, 0.0351178451054001, 0.035098653535395, 
0.0351010038260067, 0.0351125002257977, 0.0351036545295254, 0.0351057333000325, 
0.0350861980778075, 0.0350941240867825, 0.0351174646999964, 0.0350888654675865, 
0.0351175205331643, 0.035089249333521, 0.0351040082041384, 0.0350732710857016, 
0.0350685398170122, 0.035109062388184, 0.0351067195709903, 0.0351449669509827, 
0.0350938462522442, 0.0350682739845968, 0.0351117549646474, 0.0351118622758625, 
0.045875403597177), value = c(0.0297786812857442, 0.0297786813259056, 
0.0297786813281676, 0.0297786814120442, 0.0297786814711277, 0.0297786814865406, 
0.0297786815022166, 0.0297786815537524, 0.0297786815845578, 0.02977868159167, 
0.0297786817014424, 0.0297786817129452, 0.029778681795147, 0.0297786817992262, 
0.0297786818571026, 0.0297786820045341, 0.0297786820394558, 0.0297786821290169, 
0.0297786821611479, 0.0297786821622769, 0.0297786821851256, 0.0297786822420471, 
0.0297786822922219, 0.0297786823919526, 0.0297786824656629, 0.0297786824990469, 
0.0297786825449464, 0.0297786826866872, 0.0297786827626746, 0.0297786827815527, 
0.029778682826853, 0.0297786828320152, 0.0297786829001386, 0.02977868294264, 
0.029778682970184, 0.0297786834060717, 0.0297786836788684, 0.029778683787355, 
0.0297786838409272, 0.029778684125909, 0.0297786841949602, 0.0297786843045538, 
0.029778684496992, 0.0297786845006816, 0.0297786847241303, 0.0297786849754566, 
0.0297786850808202, 0.0297786851198367, 0.0297786854079782, 0.029778685452523, 
0.0297786856058425, 0.0297786870216021, 0.0297786870467468, 0.0297786873895923, 
0.0297786883046033, 0.029778688593114, 0.0297786886464639, 0.0297786888058847, 
0.0297786891437138, 0.0297786895703327, 0.0297786897847213, 0.0297786911054154, 
0.0297786926904292, 0.0297786937252507, 0.0297786941018466, 0.0297786945243276, 
0.0297786981339657, 0.0297786989709438, 0.0297787001258375, 0.0297787019273833, 
0.0297787039473223, 0.0297787048754207, 0.0297787069955629, 0.0297787094599347, 
0.0297787132284778, 0.0297787181876789, 0.0297787221880146, 0.0297787274858033, 
0.0297787319045335, 0.0297787320151327, 0.0297787630930421, 0.0297787712107376, 
0.0297787803641946, 0.0297787885710214, 0.02977885924809, 0.0297789047262894, 
0.0297789609299904, 0.0297792349973267, 0.029781451234848, 0.0372892489600898
),