list(estimates = 0.0407332748538012, estimates.flagged = NULL, 
    pedigree = structure(list(time0 = c(0, 0, 0, 0, 0, 0, 0, 
    0, 0, 0, 0, 0, 0, 0, 0, 0, 0, 0, 0, 0, 0, 0, 0, 0, 0, 0, 
    0, 0, 0, 0, 0, 0, 0, 0, 0, 0, 0, 0, 0, 0, 0, 0, 0, 0, 0, 
    0, 0, 0, 0, 0, 0, 0, 0, 0, 0, 0, 0, 0, 0, 0, 0, 0, 0, 125, 
    0, 0, 0, 0, 0, 0, 0, 0, 0, 0, 0, 0, 0, 0, 0, 0, 0, 0, 0, 
    0, 0, 0, 0, 0, 0, 0, 0, 500, 1000, 0, 0, 0, 0, 0, 0, 0, 0, 
    0, 0, 0, 0, 0, 0, 0, 0, 0, 0, 0, 0, 0, 0, 0, 0, 0, 0, 0, 
    0, 0, 0, 0, 0, 0, 0, 0, 0, 0, 0, 0, 0, 0, 0, 0, 0, 0, 0, 
    0, 0, 0, 0, 0, 0, 0, 0, 0, 0, 0, 0, 0, 0, 0, 0, 0, 0, 0, 
    0, 0, 0, 0, 0, 0, 0, 0, 0, 0, 0, 0, 0), time1 = c(25, 25, 
    25, 25, 25, 25, 25, 25, 25, 25, 25, 25, 25, 25, 25, 25, 25, 
    25, 25, 25, 25, 25, 25, 25, 25, 25, 25, 25, 25, 25, 25, 25, 
    25, 25, 25, 25, 150, 150, 150, 150, 150, 150, 150, 150, 150, 
    150, 150, 150, 150, 150, 150, 150, 150, 150, 150, 150, 150, 
    150, 150, 150, 150, 150, 150, 150, 150, 150, 150, 150, 150, 
    150, 150, 150, 150, 150, 150, 150, 150, 150, 150, 150, 150, 
    150, 150, 150, 150, 150, 150, 150, 150, 150, 150, 525, 1025, 
    25, 25, 25, 25, 25, 25, 25, 25, 25, 25, 25, 25, 25, 25, 25, 
    25, 25, 25, 25, 25, 25, 25, 25, 25, 25, 25, 25, 25, 25, 25, 
    25, 25, 25, 150, 150, 150, 150, 150, 150, 150, 150, 150, 
    150, 150, 150, 150, 150, 150, 150, 150, 150, 150, 150, 150, 
    150, 150, 150, 150, 150, 150, 150, 150, 150, 150, 150, 150, 
    150, 150, 150, 150, 150, 150, 150, 150, 150, 150, 150, 150
    ), time2 = c(25, 25, 150, 150, 150, 150, 150, 150, 150, 150, 
    150, 150, 150, 25, 150, 150, 150, 150, 150, 150, 150, 150, 
    150, 150, 150, 150, 150, 150, 150, 150, 150, 150, 150, 150, 
    150, 150, 150, 150, 150, 150, 150, 150, 150, 150, 150, 150, 
    150, 150, 150, 150, 150, 150, 150, 150, 150, 150, 150, 150, 
    150, 150, 150, 150, 150, 150, 150, 150, 150, 150, 150, 150, 
    150, 150, 150, 150, 150, 150, 150, 150, 150, 150, 150, 150, 
    150, 150, 150, 150, 150, 150, 150, 150, 150, 525, 1025, 25, 
    25, 150, 150, 150, 150, 150, 150, 150, 150, 150, 150, 25, 
    150, 150, 150, 150, 150, 150, 150, 150, 150, 150, 150, 150, 
    150, 150, 150, 150, 150, 150, 150, 150, 150, 150, 150, 150, 
    150, 150, 150, 150, 150, 150, 150, 150, 150, 150, 150, 150, 
    150, 150, 150, 150, 150, 150, 150, 150, 150, 150, 150, 150, 
    150, 150, 150, 150, 150, 150, 150, 150, 150, 150, 150, 150, 
    150, 150, 150, 150, 150), div.obs = c(0.03745, 0.03822, 0.0363, 
    0.03635, 0.03721, 0.04295, 0.04268, 0.04031, 0.03733, 0.03638, 
    0.03894, 0.03949, 0.03784, 0.03934, 0.03832, 0.04036, 0.04108, 
    0.0457, 0.04482, 0.04385, 0.04074, 0.03968, 0.0427, 0.04428, 
    0.04328, 0.03823, 0.0388, 0.04088, 0.04492, 0.04582, 0.04433, 
    0.0399, 0.03978, 0.04226, 0.04417, 0.04155, 0.03796, 0.03972, 
    0.04452, 0.04399, 0.04154, 0.03947, 0.03837, 0.0394, 0.04313, 
    0.04112, 0.03885, 0.04614, 0.04692, 0.04449, 0.03951, 0.03775, 
    0.03924, 0.0414, 0.04171, 0.04391, 0.0451, 0.04188, 0.03758, 
    0.0411, 0.04566, 0.04087, 0.04119, 0.03853, 0.04485, 0.04432, 
    0.04517, 0.05022, 0.04405, 0.0413, 0.04623, 0.04509, 0.04691, 
    0.05114, 0.04429, 0.04209, 0.04164, 0.04254, 0.04573, 0.04445, 
    0.04344, 0.03994, 0.04463, 0.04213, 0.04094, 0.04215, 0.04321, 
    0.03945, 0.04615, 0.0443, 0.04259, 0.03779, 0.03577, 0.03357, 
    0.03319, 0.03921, 0.04062, 0.03427, 0.03484, 0.04021, 0.03643, 
    0.03681, 0.03847, 0.0384, 0.04211, 0.03271, 0.0405, 0.0396, 
    0.03722, 0.03848, 0.04106, 0.03734, 0.03791, 0.03796, 0.03996, 
    0.04329, 0.04042, 0.03939, 0.03699, 0.03763, 0.04073, 0.03803, 
    0.03696, 0.03897, 0.03842, 0.04238, 0.04527, 0.0384, 0.04311, 
    0.04509, 0.04276, 0.04027, 0.03989, 0.04022, 0.04442, 0.04149, 
    0.04005, 0.03916, 0.04472, 0.03921, 0.03868, 0.03884, 0.04159, 
    0.03834, 0.0419, 0.0394, 0.03651, 0.03722, 0.0351, 0.04054, 
    0.03758, 0.03817, 0.03711, 0.03816, 0.03927, 0.04585, 0.04029, 
    0.03949, 0.04078, 0.03965, 0.04161, 0.039, 0.04113, 0.04107, 
    0.04487, 0.03902, 0.03655, 0.03989, 0.03716, 0.04329, 0.03939
    ), delta.t = c(50, 50, 175, 175, 175, 175, 175, 175, 175, 
    175, 175, 175, 175, 50, 175, 175, 175, 175, 175, 175, 175, 
    175, 175, 175, 175, 175, 175, 175, 175, 175, 175, 175, 175, 
    175, 175, 175, 300, 300, 300, 300, 300, 300, 300, 300, 300, 
    300, 300, 300, 300, 300, 300, 300, 300, 300, 300, 300, 300, 
    300, 300, 300, 300, 300, 300, 50, 300, 300, 300, 300, 300, 
    300, 300, 300, 300, 300, 300, 300, 300, 300, 300, 300, 300, 
    300, 300, 300, 300, 300, 300, 300, 300, 300, 300, 50, 50, 
    50, 50, 175, 175, 175, 175, 175, 175, 175, 175, 175, 175, 
    50, 175, 175, 175, 175, 175, 175, 175, 175, 175, 175, 175, 
    175, 175, 175, 175, 175, 175, 175, 175, 175, 300, 300, 300, 
    300, 300, 300, 300, 300, 300, 300, 300, 300, 300, 300, 300, 
    300, 300, 300, 300, 300, 300, 300, 300, 300, 300, 300, 300, 
    300, 300, 300, 300, 300, 300, 300, 300, 300, 300, 300, 300, 
    300, 300, 300, 300, 300, 300),