list(estimates = 0.0138185380116959, estimates.flagged = NULL, 
    pedigree = structure(list(time0 = c(0, 0, 0, 0, 0, 0, 0, 
    0, 0, 0, 0, 0, 0, 0, 0, 0, 0, 0, 0, 0, 0, 0, 0, 0, 0, 0, 
    0, 0, 0, 0, 0, 0, 0, 0, 0, 0, 0, 0, 0, 0, 0, 0, 0, 0, 0, 
    0, 0, 0, 0, 0, 0, 0, 0, 0, 0, 0, 0, 0, 0, 0, 0, 0, 0, 125, 
    0, 0, 0, 0, 0, 0, 0, 0, 0, 0, 0, 0, 0, 0, 0, 0, 0, 0, 0, 
    0, 0, 0, 0, 0, 0, 0, 0, 500, 1000, 0, 0, 0, 0, 0, 0, 0, 0, 
    0, 0, 0, 0, 0, 0, 0, 0, 0, 0, 0, 0, 0, 0, 0, 0, 0, 0, 0, 
    0, 0, 0, 0, 0, 0, 0, 0, 0, 0, 0, 0, 0, 0, 0, 0, 0, 0, 0, 
    0, 0, 0, 0, 0, 0, 0, 0, 0, 0, 0, 0, 0, 0, 0, 0, 0, 0, 0, 
    0, 0, 0, 0, 0, 0, 0, 0, 0, 0, 0, 0, 0), time1 = c(25, 25, 
    25, 25, 25, 25, 25, 25, 25, 25, 25, 25, 25, 25, 25, 25, 25, 
    25, 25, 25, 25, 25, 25, 25, 25, 25, 25, 25, 25, 25, 25, 25, 
    25, 25, 25, 25, 150, 150, 150, 150, 150, 150, 150, 150, 150, 
    150, 150, 150, 150, 150, 150, 150, 150, 150, 150, 150, 150, 
    150, 150, 150, 150, 150, 150, 150, 150, 150, 150, 150, 150, 
    150, 150, 150, 150, 150, 150, 150, 150, 150, 150, 150, 150, 
    150, 150, 150, 150, 150, 150, 150, 150, 150, 150, 525, 1025, 
    25, 25, 25, 25, 25, 25, 25, 25, 25, 25, 25, 25, 25, 25, 25, 
    25, 25, 25, 25, 25, 25, 25, 25, 25, 25, 25, 25, 25, 25, 25, 
    25, 25, 25, 150, 150, 150, 150, 150, 150, 150, 150, 150, 
    150, 150, 150, 150, 150, 150, 150, 150, 150, 150, 150, 150, 
    150, 150, 150, 150, 150, 150, 150, 150, 150, 150, 150, 150, 
    150, 150, 150, 150, 150, 150, 150, 150, 150, 150, 150, 150
    ), time2 = c(25, 25, 150, 150, 150, 150, 150, 150, 150, 150, 
    150, 150, 150, 25, 150, 150, 150, 150, 150, 150, 150, 150, 
    150, 150, 150, 150, 150, 150, 150, 150, 150, 150, 150, 150, 
    150, 150, 150, 150, 150, 150, 150, 150, 150, 150, 150, 150, 
    150, 150, 150, 150, 150, 150, 150, 150, 150, 150, 150, 150, 
    150, 150, 150, 150, 150, 150, 150, 150, 150, 150, 150, 150, 
    150, 150, 150, 150, 150, 150, 150, 150, 150, 150, 150, 150, 
    150, 150, 150, 150, 150, 150, 150, 150, 150, 525, 1025, 25, 
    25, 150, 150, 150, 150, 150, 150, 150, 150, 150, 150, 25, 
    150, 150, 150, 150, 150, 150, 150, 150, 150, 150, 150, 150, 
    150, 150, 150, 150, 150, 150, 150, 150, 150, 150, 150, 150, 
    150, 150, 150, 150, 150, 150, 150, 150, 150, 150, 150, 150, 
    150, 150, 150, 150, 150, 150, 150, 150, 150, 150, 150, 150, 
    150, 150, 150, 150, 150, 150, 150, 150, 150, 150, 150, 150, 
    150, 150, 150, 150, 150), div.obs = c(6e-04, 0.00125, 0, 
    0, 0.0025, 0.00187, 0.00308, 0.00124, 0.02919, 0.0199, 0.02483, 
    0.02163, 0.03846, 6e-04, 0.00059, 0.00059, 6e-04, 0.00303, 
    0.00119, 6e-04, 0.03353, 0.02171, 0.02725, 0.02233, 0.04371, 
    0, 0.00063, 0.00186, 0.00187, 0.00123, 0.00063, 0.03195, 
    0.01455, 0.02465, 0.02537, 0.04224, 0.00179, 0.00239, 0.00122, 
    0, 0, 0.03078, 0.01745, 0.02376, 0.0231, 0.03864, 0.00186, 
    0.0025, 0.00124, 0.00125, 0.02645, 0.01687, 0.0205, 0.0198, 
    0.03266, 0.00497, 0.00304, 0.00309, 0.03221, 0.02113, 0.03681, 
    0.02345, 0.04564, 0, 0.00188, 0.03896, 0.0247, 0.02985, 0.02598, 
    0.04021, 0, 0.03544, 0.01752, 0.02749, 0.02371, 0.03897, 
    0.03137, 0.02186, 0.02608, 0.02503, 0.03506, 0.02696, 0.02971, 
    0.02915, 0.03542, 0.0225, 0.0264, 0.02983, 0.03548, 0.03532, 
    0.02805, 0.01626, 0.00123, 0.00062, 0, 0.00064, 0.00188, 
    0.01599, 0.02258, 0, 0, 0, 0.01789, 0, 0, 0.00057, 0, 0.0023, 
    0.01817, 0.02619, 0.00058, 0.00173, 0.00059, 0.02084, 0.00116, 
    0.00058, 0.00057, 0.00225, 0.01686, 0.03064, 0.00058, 0.00173, 
    0, 0.02113, 0, 0, 0.0029, 0.0189, 0.02617, 0.00059, 0.00294, 
    0.00059, 0.01988, 0.00057, 0.00057, 0.01908, 0.02182, 0.00111, 
    0.00401, 0.00226, 0.0196, 0.00112, 0.00166, 0.02214, 0.01941, 
    0.01799, 0.01338, 0.01575, 0.01857, 0.01906, 0.02522, 0.02781, 
    0.02382, 0.01654, 0.02904, 0.02619, 0.00057, 0.00057, 0.02063, 
    0, 0, 0.00176, 0.01765, 0.00287, 0.00057, 0.0192, 0, 0, 0.01743, 
    0.01868, 0), delta.t = c(50, 50, 175, 175, 175, 175, 175, 
    175, 175, 175, 175, 175, 175, 50, 175, 175, 175, 175, 175, 
    175, 175, 175, 175, 175, 175, 175, 175, 175, 175, 175, 175, 
    175, 175, 175, 175, 175, 300, 300, 300, 300, 300, 300, 300, 
    300, 300, 300, 300, 300, 300, 300, 300, 300, 300, 300, 300, 
    300, 300, 300, 300, 300, 300, 300, 300, 50, 300, 300, 300, 
    300, 300, 300, 300, 300, 300, 300, 300, 300, 300, 300, 300, 
    300, 300, 300, 300, 300, 300, 300, 300, 300, 300, 300, 300, 
    50, 50, 50, 50, 175, 175, 175, 175, 175, 175, 175, 175, 175, 
    175, 50, 175, 175, 175, 175, 175, 175, 175, 175, 175, 175, 
    175, 175, 175, 175, 175, 175, 175, 175, 175, 175, 300, 300, 
    300, 300, 300, 300, 300, 300, 300, 300, 300, 300, 300, 300, 
    300, 300, 300, 300, 300, 300, 300, 300, 300, 300, 300, 300, 
    300, 300, 300, 300, 300, 300, 300, 300, 300, 300, 300, 300, 
    300, 300, 300, 300, 300, 300, 300),