list(estimates = 0.020872865497076, estimates.flagged = NULL, 
    pedigree = structure(list(time0 = c(0, 0, 0, 0, 0, 0, 0, 
    0, 0, 0, 0, 0, 0, 0, 0, 0, 0, 0, 0, 0, 0, 0, 0, 0, 0, 0, 
    0, 0, 0, 0, 0, 0, 0, 0, 0, 0, 0, 0, 0, 0, 0, 0, 0, 0, 0, 
    0, 0, 0, 0, 0, 0, 0, 0, 0, 0, 0, 0, 0, 0, 0, 0, 0, 0, 125, 
    0, 0, 0, 0, 0, 0, 0, 0, 0, 0, 0, 0, 0, 0, 0, 0, 0, 0, 0, 
    0, 0, 0, 0, 0, 0, 0, 0, 500, 1000, 0, 0, 0, 0, 0, 0, 0, 0, 
    0, 0, 0, 0, 0, 0, 0, 0, 0, 0, 0, 0, 0, 0, 0, 0, 0, 0, 0, 
    0, 0, 0, 0, 0, 0, 0, 0, 0, 0, 0, 0, 0, 0, 0, 0, 0, 0, 0, 
    0, 0, 0, 0, 0, 0, 0, 0, 0, 0, 0, 0, 0, 0, 0, 0, 0, 0, 0, 
    0, 0, 0, 0, 0, 0, 0, 0, 0, 0, 0, 0, 0), time1 = c(25, 25, 
    25, 25, 25, 25, 25, 25, 25, 25, 25, 25, 25, 25, 25, 25, 25, 
    25, 25, 25, 25, 25, 25, 25, 25, 25, 25, 25, 25, 25, 25, 25, 
    25, 25, 25, 25, 150, 150, 150, 150, 150, 150, 150, 150, 150, 
    150, 150, 150, 150, 150, 150, 150, 150, 150, 150, 150, 150, 
    150, 150, 150, 150, 150, 150, 150, 150, 150, 150, 150, 150, 
    150, 150, 150, 150, 150, 150, 150, 150, 150, 150, 150, 150, 
    150, 150, 150, 150, 150, 150, 150, 150, 150, 150, 525, 1025, 
    25, 25, 25, 25, 25, 25, 25, 25, 25, 25, 25, 25, 25, 25, 25, 
    25, 25, 25, 25, 25, 25, 25, 25, 25, 25, 25, 25, 25, 25, 25, 
    25, 25, 25, 150, 150, 150, 150, 150, 150, 150, 150, 150, 
    150, 150, 150, 150, 150, 150, 150, 150, 150, 150, 150, 150, 
    150, 150, 150, 150, 150, 150, 150, 150, 150, 150, 150, 150, 
    150, 150, 150, 150, 150, 150, 150, 150, 150, 150, 150, 150
    ), time2 = c(25, 25, 150, 150, 150, 150, 150, 150, 150, 150, 
    150, 150, 150, 25, 150, 150, 150, 150, 150, 150, 150, 150, 
    150, 150, 150, 150, 150, 150, 150, 150, 150, 150, 150, 150, 
    150, 150, 150, 150, 150, 150, 150, 150, 150, 150, 150, 150, 
    150, 150, 150, 150, 150, 150, 150, 150, 150, 150, 150, 150, 
    150, 150, 150, 150, 150, 150, 150, 150, 150, 150, 150, 150, 
    150, 150, 150, 150, 150, 150, 150, 150, 150, 150, 150, 150, 
    150, 150, 150, 150, 150, 150, 150, 150, 150, 525, 1025, 25, 
    25, 150, 150, 150, 150, 150, 150, 150, 150, 150, 150, 25, 
    150, 150, 150, 150, 150, 150, 150, 150, 150, 150, 150, 150, 
    150, 150, 150, 150, 150, 150, 150, 150, 150, 150, 150, 150, 
    150, 150, 150, 150, 150, 150, 150, 150, 150, 150, 150, 150, 
    150, 150, 150, 150, 150, 150, 150, 150, 150, 150, 150, 150, 
    150, 150, 150, 150, 150, 150, 150, 150, 150, 150, 150, 150, 
    150, 150, 150, 150, 150), div.obs = c(0.00947, 0.00738, 0.00875, 
    0.008, 0.00882, 0.01014, 0.00879, 0.00694, 0.00852, 0.00707, 
    0.00929, 0.00821, 0.0874, 0.00876, 0.00853, 0.01034, 0.00938, 
    0.01125, 0.00989, 0.00835, 0.00919, 0.00986, 0.00969, 0.00874, 
    0.08797, 0.00868, 0.00765, 0.00815, 0.01083, 0.00902, 0.00707, 
    0.00856, 0.00799, 0.01016, 0.00757, 0.08778, 0.00895, 0.00927, 
    0.01183, 0.01116, 0.00959, 0.00921, 0.00855, 0.00751, 0.00977, 
    0.08574, 0.00945, 0.01188, 0.01315, 0.00898, 0.00885, 0.00938, 
    0.0103, 0.00943, 0.08345, 0.01021, 0.00992, 0.00891, 0.01032, 
    0.00928, 0.01211, 0.00925, 0.0888, 0.01046, 0.01022, 0.01102, 
    0.01257, 0.01339, 0.01119, 0.08498, 0.01042, 0.01091, 0.01153, 
    0.01294, 0.01012, 0.08742, 0.0081, 0.00873, 0.01107, 0.01048, 
    0.09206, 0.00973, 0.01139, 0.01073, 0.09046, 0.01062, 0.00957, 
    0.08273, 0.01297, 0.08769, 0.08384, 0.00659, 0.05288, 0.0063, 
    0.00617, 0.00776, 0.00963, 0.00874, 0.07474, 0.01198, 0.00836, 
    0.00683, 0.00601, 0.00914, 0.01048, 0.00589, 0.00665, 0.00882, 
    0.01132, 0.08116, 0.01266, 0.00723, 0.00685, 0.00753, 0.00977, 
    0.00923, 0.00789, 0.01, 0.01072, 0.08269, 0.01158, 0.008, 
    0.00667, 0.00664, 0.0081, 0.00924, 0.01076, 0.00961, 0.0861, 
    0.01375, 0.01, 0.00858, 0.00789, 0.00912, 0.00924, 0.01242, 
    0.08238, 0.01166, 0.0115, 0.00968, 0.00913, 0.01127, 0.01151, 
    0.07798, 0.01615, 0.01234, 0.00893, 0.01088, 0.01043, 0.01199, 
    0.08233, 0.08273, 0.08308, 0.07808, 0.08707, 0.08593, 0.01238, 
    0.01246, 0.01093, 0.013, 0.01422, 0.00957, 0.00796, 0.01135, 
    0.01146, 0.00723, 0.00643, 0.00958, 0.00892, 0.00967, 0.01055
    ), delta.t = c(50, 50, 175, 175, 175, 175, 175, 175, 175, 
    175, 175, 175, 175, 50, 175, 175, 175, 175, 175, 175, 175, 
    175, 175, 175, 175, 175, 175, 175, 175, 175, 175, 175, 175, 
    175, 175, 175, 300, 300, 300, 300, 300, 300, 300, 300, 300, 
    300, 300, 300, 300, 300, 300, 300, 300, 300, 300, 300, 300, 
    300, 300, 300, 300, 300, 300, 50, 300, 300, 300, 300, 300, 
    300, 300, 300, 300, 300, 300, 300, 300, 300, 300, 300, 300, 
    300, 300, 300, 300, 300, 300, 300, 300, 300, 300, 50, 50, 
    50, 50, 175, 175, 175, 175, 175, 175, 175, 175, 175, 175, 
    50, 175, 175, 175, 175, 175, 175, 175, 175, 175, 175, 175, 
    175, 175, 175, 175, 175, 175, 175, 175, 175, 300, 300, 300, 
    300, 300, 300, 300, 300, 300, 300, 300, 300, 300, 300, 300, 
    300, 300, 300, 300, 300, 300, 300, 300, 300, 300, 300, 300, 
    300, 300, 300, 300, 300, 300, 300, 300, 300, 300, 300, 300, 
    300, 300, 300, 300, 300, 300),