list(estimates = 0.0409653801169591, estimates.flagged = NULL, 
    pedigree = structure(list(time0 = c(0, 0, 0, 0, 0, 0, 0, 
    0, 0, 0, 0, 0, 0, 0, 0, 0, 0, 0, 0, 0, 0, 0, 0, 0, 0, 0, 
    0, 0, 0, 0, 0, 0, 0, 0, 0, 0, 0, 0, 0, 0, 0, 0, 0, 0, 0, 
    0, 0, 0, 0, 0, 0, 0, 0, 0, 0, 0, 0, 0, 0, 0, 0, 0, 0, 125, 
    0, 0, 0, 0, 0, 0, 0, 0, 0, 0, 0, 0, 0, 0, 0, 0, 0, 0, 0, 
    0, 0, 0, 0, 0, 0, 0, 0, 500, 1000, 0, 0, 0, 0, 0, 0, 0, 0, 
    0, 0, 0, 0, 0, 0, 0, 0, 0, 0, 0, 0, 0, 0, 0, 0, 0, 0, 0, 
    0, 0, 0, 0, 0, 0, 0, 0, 0, 0, 0, 0, 0, 0, 0, 0, 0, 0, 0, 
    0, 0, 0, 0, 0, 0, 0, 0, 0, 0, 0, 0, 0, 0, 0, 0, 0, 0, 0, 
    0, 0, 0, 0, 0, 0, 0, 0, 0, 0, 0, 0, 0), time1 = c(25, 25, 
    25, 25, 25, 25, 25, 25, 25, 25, 25, 25, 25, 25, 25, 25, 25, 
    25, 25, 25, 25, 25, 25, 25, 25, 25, 25, 25, 25, 25, 25, 25, 
    25, 25, 25, 25, 150, 150, 150, 150, 150, 150, 150, 150, 150, 
    150, 150, 150, 150, 150, 150, 150, 150, 150, 150, 150, 150, 
    150, 150, 150, 150, 150, 150, 150, 150, 150, 150, 150, 150, 
    150, 150, 150, 150, 150, 150, 150, 150, 150, 150, 150, 150, 
    150, 150, 150, 150, 150, 150, 150, 150, 150, 150, 525, 1025, 
    25, 25, 25, 25, 25, 25, 25, 25, 25, 25, 25, 25, 25, 25, 25, 
    25, 25, 25, 25, 25, 25, 25, 25, 25, 25, 25, 25, 25, 25, 25, 
    25, 25, 25, 150, 150, 150, 150, 150, 150, 150, 150, 150, 
    150, 150, 150, 150, 150, 150, 150, 150, 150, 150, 150, 150, 
    150, 150, 150, 150, 150, 150, 150, 150, 150, 150, 150, 150, 
    150, 150, 150, 150, 150, 150, 150, 150, 150, 150, 150, 150
    ), time2 = c(25, 25, 150, 150, 150, 150, 150, 150, 150, 150, 
    150, 150, 150, 25, 150, 150, 150, 150, 150, 150, 150, 150, 
    150, 150, 150, 150, 150, 150, 150, 150, 150, 150, 150, 150, 
    150, 150, 150, 150, 150, 150, 150, 150, 150, 150, 150, 150, 
    150, 150, 150, 150, 150, 150, 150, 150, 150, 150, 150, 150, 
    150, 150, 150, 150, 150, 150, 150, 150, 150, 150, 150, 150, 
    150, 150, 150, 150, 150, 150, 150, 150, 150, 150, 150, 150, 
    150, 150, 150, 150, 150, 150, 150, 150, 150, 525, 1025, 25, 
    25, 150, 150, 150, 150, 150, 150, 150, 150, 150, 150, 25, 
    150, 150, 150, 150, 150, 150, 150, 150, 150, 150, 150, 150, 
    150, 150, 150, 150, 150, 150, 150, 150, 150, 150, 150, 150, 
    150, 150, 150, 150, 150, 150, 150, 150, 150, 150, 150, 150, 
    150, 150, 150, 150, 150, 150, 150, 150, 150, 150, 150, 150, 
    150, 150, 150, 150, 150, 150, 150, 150, 150, 150, 150, 150, 
    150, 150, 150, 150, 150), div.obs = c(0.03528, 0.03505, 0.03636, 
    0.03619, 0.03776, 0.04138, 0.04186, 0.03925, 0.03515, 0.03513, 
    0.03796, 0.04085, 0.03683, 0.03594, 0.03946, 0.03937, 0.04084, 
    0.04377, 0.04254, 0.04402, 0.03858, 0.03779, 0.04264, 0.0437, 
    0.04202, 0.03745, 0.03702, 0.0403, 0.04376, 0.04402, 0.0413, 
    0.03741, 0.03647, 0.04157, 0.04267, 0.04125, 0.0389, 0.04161, 
    0.04633, 0.04551, 0.04292, 0.04065, 0.0379, 0.04007, 0.04509, 
    0.04253, 0.03985, 0.04727, 0.04873, 0.04346, 0.0404, 0.03715, 
    0.03996, 0.04377, 0.04202, 0.04531, 0.0452, 0.04255, 0.03619, 
    0.04169, 0.04719, 0.0433, 0.04167, 0.03513, 0.04407, 0.04327, 
    0.0437, 0.05146, 0.04354, 0.03953, 0.04465, 0.04411, 0.04474, 
    0.05215, 0.0439, 0.04134, 0.04068, 0.04119, 0.0458, 0.04574, 
    0.04283, 0.03795, 0.04472, 0.04333, 0.04184, 0.04045, 0.04191, 
    0.03833, 0.0492, 0.04435, 0.04255, 0.03604, 0.03261, 0.03412, 
    0.035, 0.04153, 0.04051, 0.03683, 0.03732, 0.04123, 0.0374, 
    0.03796, 0.0401, 0.03942, 0.04362, 0.03382, 0.04171, 0.03929, 
    0.03808, 0.03897, 0.04127, 0.03951, 0.03845, 0.03892, 0.03931, 
    0.0447, 0.04205, 0.03881, 0.03931, 0.04048, 0.04182, 0.03899, 
    0.03903, 0.03994, 0.03914, 0.04358, 0.04501, 0.03923, 0.04614, 
    0.04638, 0.04392, 0.04176, 0.04353, 0.04191, 0.04671, 0.041, 
    0.04014, 0.03745, 0.04464, 0.03816, 0.03982, 0.03724, 0.04167, 
    0.04076, 0.04342, 0.0417, 0.03815, 0.03825, 0.03586, 0.04233, 
    0.03859, 0.04035, 0.03956, 0.03939, 0.03931, 0.04744, 0.03979, 
    0.04121, 0.04276, 0.03904, 0.0409, 0.04034, 0.04344, 0.04211, 
    0.04665, 0.04023, 0.03485, 0.03976, 0.03705, 0.04548, 0.03816
    ), delta.t = c(50, 50, 175, 175, 175, 175, 175, 175, 175, 
    175, 175, 175, 175, 50, 175, 175, 175, 175, 175, 175, 175, 
    175, 175, 175, 175, 175, 175, 175, 175, 175, 175, 175, 175, 
    175, 175, 175, 300, 300, 300, 300, 300, 300, 300, 300, 300, 
    300, 300, 300, 300, 300, 300, 300, 300, 300, 300, 300, 300, 
    300, 300, 300, 300, 300, 300, 50, 300, 300, 300, 300, 300, 
    300, 300, 300, 300, 300, 300, 300, 300, 300, 300, 300, 300, 
    300, 300, 300, 300, 300, 300, 300, 300, 300, 300, 50, 50, 
    50, 50, 175, 175, 175, 175, 175, 175, 175, 175, 175, 175, 
    50, 175, 175, 175, 175, 175, 175, 175, 175, 175, 175, 175, 
    175, 175, 175, 175, 175, 175, 175, 175, 175, 300, 300, 300, 
    300, 300, 300, 300, 300, 300, 300, 300, 300, 300, 300, 300, 
    300, 300, 300, 300, 300, 300, 300, 300, 300, 300, 300, 300, 
    300, 300, 300, 300, 300, 300, 300, 300, 300, 300, 300, 300, 
    300, 300, 300, 300, 300, 300),