list(estimates = 0.0473850292397661, estimates.flagged = NULL, 
    pedigree = structure(list(time0 = c(0, 0, 0, 0, 0, 0, 0, 
    0, 0, 0, 0, 0, 0, 0, 0, 0, 0, 0, 0, 0, 0, 0, 0, 0, 0, 0, 
    0, 0, 0, 0, 0, 0, 0, 0, 0, 0, 0, 0, 0, 0, 0, 0, 0, 0, 0, 
    0, 0, 0, 0, 0, 0, 0, 0, 0, 0, 0, 0, 0, 0, 0, 0, 0, 0, 125, 
    0, 0, 0, 0, 0, 0, 0, 0, 0, 0, 0, 0, 0, 0, 0, 0, 0, 0, 0, 
    0, 0, 0, 0, 0, 0, 0, 0, 500, 1000, 0, 0, 0, 0, 0, 0, 0, 0, 
    0, 0, 0, 0, 0, 0, 0, 0, 0, 0, 0, 0, 0, 0, 0, 0, 0, 0, 0, 
    0, 0, 0, 0, 0, 0, 0, 0, 0, 0, 0, 0, 0, 0, 0, 0, 0, 0, 0, 
    0, 0, 0, 0, 0, 0, 0, 0, 0, 0, 0, 0, 0, 0, 0, 0, 0, 0, 0, 
    0, 0, 0, 0, 0, 0, 0, 0, 0, 0, 0, 0, 0), time1 = c(25, 25, 
    25, 25, 25, 25, 25, 25, 25, 25, 25, 25, 25, 25, 25, 25, 25, 
    25, 25, 25, 25, 25, 25, 25, 25, 25, 25, 25, 25, 25, 25, 25, 
    25, 25, 25, 25, 150, 150, 150, 150, 150, 150, 150, 150, 150, 
    150, 150, 150, 150, 150, 150, 150, 150, 150, 150, 150, 150, 
    150, 150, 150, 150, 150, 150, 150, 150, 150, 150, 150, 150, 
    150, 150, 150, 150, 150, 150, 150, 150, 150, 150, 150, 150, 
    150, 150, 150, 150, 150, 150, 150, 150, 150, 150, 525, 1025, 
    25, 25, 25, 25, 25, 25, 25, 25, 25, 25, 25, 25, 25, 25, 25, 
    25, 25, 25, 25, 25, 25, 25, 25, 25, 25, 25, 25, 25, 25, 25, 
    25, 25, 25, 150, 150, 150, 150, 150, 150, 150, 150, 150, 
    150, 150, 150, 150, 150, 150, 150, 150, 150, 150, 150, 150, 
    150, 150, 150, 150, 150, 150, 150, 150, 150, 150, 150, 150, 
    150, 150, 150, 150, 150, 150, 150, 150, 150, 150, 150, 150
    ), time2 = c(25, 25, 150, 150, 150, 150, 150, 150, 150, 150, 
    150, 150, 150, 25, 150, 150, 150, 150, 150, 150, 150, 150, 
    150, 150, 150, 150, 150, 150, 150, 150, 150, 150, 150, 150, 
    150, 150, 150, 150, 150, 150, 150, 150, 150, 150, 150, 150, 
    150, 150, 150, 150, 150, 150, 150, 150, 150, 150, 150, 150, 
    150, 150, 150, 150, 150, 150, 150, 150, 150, 150, 150, 150, 
    150, 150, 150, 150, 150, 150, 150, 150, 150, 150, 150, 150, 
    150, 150, 150, 150, 150, 150, 150, 150, 150, 525, 1025, 25, 
    25, 150, 150, 150, 150, 150, 150, 150, 150, 150, 150, 25, 
    150, 150, 150, 150, 150, 150, 150, 150, 150, 150, 150, 150, 
    150, 150, 150, 150, 150, 150, 150, 150, 150, 150, 150, 150, 
    150, 150, 150, 150, 150, 150, 150, 150, 150, 150, 150, 150, 
    150, 150, 150, 150, 150, 150, 150, 150, 150, 150, 150, 150, 
    150, 150, 150, 150, 150, 150, 150, 150, 150, 150, 150, 150, 
    150, 150, 150, 150, 150), div.obs = c(0.04218, 0.04465, 0.04321, 
    0.04226, 0.04155, 0.04826, 0.05097, 0.04542, 0.04123, 0.04085, 
    0.04436, 0.04623, 0.04123, 0.04406, 0.0451, 0.04674, 0.04639, 
    0.05206, 0.05286, 0.05244, 0.04514, 0.04559, 0.05063, 0.05176, 
    0.04783, 0.04454, 0.046, 0.04729, 0.05132, 0.05325, 0.0518, 
    0.04605, 0.04542, 0.05087, 0.05181, 0.04822, 0.04573, 0.04725, 
    0.05356, 0.05499, 0.04985, 0.04588, 0.04417, 0.04683, 0.05194, 
    0.04794, 0.04286, 0.05369, 0.05703, 0.05208, 0.04567, 0.04349, 
    0.04611, 0.04847, 0.04675, 0.04973, 0.05308, 0.04797, 0.04109, 
    0.04657, 0.05185, 0.04759, 0.04505, 0.04169, 0.05177, 0.04952, 
    0.0505, 0.05787, 0.04986, 0.0449, 0.05462, 0.05275, 0.05364, 
    0.06156, 0.05276, 0.04809, 0.04718, 0.048, 0.05254, 0.05125, 
    0.04894, 0.04385, 0.05121, 0.04927, 0.04574, 0.04659, 0.04895, 
    0.04363, 0.05513, 0.05034, 0.04728, 0.04307, 0.04024, 0.03939, 
    0.03788, 0.04526, 0.04686, 0.04126, 0.04137, 0.0457, 0.0424, 
    0.04218, 0.04568, 0.04336, 0.04954, 0.03946, 0.04826, 0.04744, 
    0.04635, 0.04593, 0.05017, 0.04558, 0.04542, 0.04869, 0.04718, 
    0.05236, 0.04581, 0.04512, 0.04497, 0.04349, 0.04626, 0.04391, 
    0.04466, 0.04515, 0.04425, 0.05072, 0.05355, 0.04505, 0.05055, 
    0.05337, 0.04843, 0.04585, 0.04979, 0.04631, 0.05156, 0.05025, 
    0.04607, 0.04652, 0.05367, 0.04538, 0.04731, 0.04483, 0.04931, 
    0.0443, 0.05046, 0.04755, 0.04284, 0.04501, 0.04095, 0.04886, 
    0.04271, 0.04525, 0.04438, 0.04494, 0.04385, 0.05358, 0.04626, 
    0.04671, 0.05044, 0.04585, 0.04719, 0.04634, 0.04977, 0.04877, 
    0.05162, 0.04738, 0.04066, 0.04586, 0.04425, 0.05145, 0.04622
    ), delta.t = c(50, 50, 175, 175, 175, 175, 175, 175, 175, 
    175, 175, 175, 175, 50, 175, 175, 175, 175, 175, 175, 175, 
    175, 175, 175, 175, 175, 175, 175, 175, 175, 175, 175, 175, 
    175, 175, 175, 300, 300, 300, 300, 300, 300, 300, 300, 300, 
    300, 300, 300, 300, 300, 300, 300, 300, 300, 300, 300, 300, 
    300, 300, 300, 300, 300, 300, 50, 300, 300, 300, 300, 300, 
    300, 300, 300, 300, 300, 300, 300, 300, 300, 300, 300, 300, 
    300, 300, 300, 300, 300, 300, 300, 300, 300, 300, 50, 50, 
    50, 50, 175, 175, 175, 175, 175, 175, 175, 175, 175, 175, 
    50, 175, 175, 175, 175, 175, 175, 175, 175, 175, 175, 175, 
    175, 175, 175, 175, 175, 175, 175, 175, 175, 300, 300, 300, 
    300, 300, 300, 300, 300, 300, 300, 300, 300, 300, 300, 300, 
    300, 300, 300, 300, 300, 300, 300, 300, 300, 300, 300, 300, 
    300, 300, 300, 300, 300, 300, 300, 300, 300, 300, 300, 300, 
    300, 300, 300, 300, 300, 300),