list(estimates = 0.0670494152046784, estimates.flagged = NULL, 
    pedigree = structure(list(time0 = c(0, 0, 0, 0, 0, 0, 0, 
    0, 0, 0, 0, 0, 0, 0, 0, 0, 0, 0, 0, 0, 0, 0, 0, 0, 0, 0, 
    0, 0, 0, 0, 0, 0, 0, 0, 0, 0, 0, 0, 0, 0, 0, 0, 0, 0, 0, 
    0, 0, 0, 0, 0, 0, 0, 0, 0, 0, 0, 0, 0, 0, 0, 0, 0, 0, 125, 
    0, 0, 0, 0, 0, 0, 0, 0, 0, 0, 0, 0, 0, 0, 0, 0, 0, 0, 0, 
    0, 0, 0, 0, 0, 0, 0, 0, 500, 1000, 0, 0, 0, 0, 0, 0, 0, 0, 
    0, 0, 0, 0, 0, 0, 0, 0, 0, 0, 0, 0, 0, 0, 0, 0, 0, 0, 0, 
    0, 0, 0, 0, 0, 0, 0, 0, 0, 0, 0, 0, 0, 0, 0, 0, 0, 0, 0, 
    0, 0, 0, 0, 0, 0, 0, 0, 0, 0, 0, 0, 0, 0, 0, 0, 0, 0, 0, 
    0, 0, 0, 0, 0, 0, 0, 0, 0, 0, 0, 0, 0), time1 = c(25, 25, 
    25, 25, 25, 25, 25, 25, 25, 25, 25, 25, 25, 25, 25, 25, 25, 
    25, 25, 25, 25, 25, 25, 25, 25, 25, 25, 25, 25, 25, 25, 25, 
    25, 25, 25, 25, 150, 150, 150, 150, 150, 150, 150, 150, 150, 
    150, 150, 150, 150, 150, 150, 150, 150, 150, 150, 150, 150, 
    150, 150, 150, 150, 150, 150, 150, 150, 150, 150, 150, 150, 
    150, 150, 150, 150, 150, 150, 150, 150, 150, 150, 150, 150, 
    150, 150, 150, 150, 150, 150, 150, 150, 150, 150, 525, 1025, 
    25, 25, 25, 25, 25, 25, 25, 25, 25, 25, 25, 25, 25, 25, 25, 
    25, 25, 25, 25, 25, 25, 25, 25, 25, 25, 25, 25, 25, 25, 25, 
    25, 25, 25, 150, 150, 150, 150, 150, 150, 150, 150, 150, 
    150, 150, 150, 150, 150, 150, 150, 150, 150, 150, 150, 150, 
    150, 150, 150, 150, 150, 150, 150, 150, 150, 150, 150, 150, 
    150, 150, 150, 150, 150, 150, 150, 150, 150, 150, 150, 150
    ), time2 = c(25, 25, 150, 150, 150, 150, 150, 150, 150, 150, 
    150, 150, 150, 25, 150, 150, 150, 150, 150, 150, 150, 150, 
    150, 150, 150, 150, 150, 150, 150, 150, 150, 150, 150, 150, 
    150, 150, 150, 150, 150, 150, 150, 150, 150, 150, 150, 150, 
    150, 150, 150, 150, 150, 150, 150, 150, 150, 150, 150, 150, 
    150, 150, 150, 150, 150, 150, 150, 150, 150, 150, 150, 150, 
    150, 150, 150, 150, 150, 150, 150, 150, 150, 150, 150, 150, 
    150, 150, 150, 150, 150, 150, 150, 150, 150, 525, 1025, 25, 
    25, 150, 150, 150, 150, 150, 150, 150, 150, 150, 150, 25, 
    150, 150, 150, 150, 150, 150, 150, 150, 150, 150, 150, 150, 
    150, 150, 150, 150, 150, 150, 150, 150, 150, 150, 150, 150, 
    150, 150, 150, 150, 150, 150, 150, 150, 150, 150, 150, 150, 
    150, 150, 150, 150, 150, 150, 150, 150, 150, 150, 150, 150, 
    150, 150, 150, 150, 150, 150, 150, 150, 150, 150, 150, 150, 
    150, 150, 150, 150, 150), div.obs = c(0.04118, 0.04687, 0.04617, 
    0.05036, 0.05989, 0.0719, 0.07043, 0.06694, 0.05064, 0.04482, 
    0.05029, 0.0683, 0.06081, 0.04409, 0.04613, 0.05393, 0.07058, 
    0.07666, 0.07747, 0.06691, 0.05342, 0.04725, 0.06468, 0.07071, 
    0.07565, 0.04728, 0.05029, 0.06231, 0.07551, 0.06756, 0.06279, 
    0.05492, 0.04619, 0.06515, 0.0711, 0.06851, 0.061, 0.06144, 
    0.08434, 0.08085, 0.06925, 0.05506, 0.04772, 0.05633, 0.06911, 
    0.0635, 0.06352, 0.08713, 0.08791, 0.07591, 0.05809, 0.05233, 
    0.05704, 0.06774, 0.06764, 0.09329, 0.08314, 0.0812, 0.05578, 
    0.07144, 0.07713, 0.07596, 0.08038, 0.04728, 0.07962, 0.07456, 
    0.07291, 0.10027, 0.08257, 0.07752, 0.08117, 0.0747, 0.08222, 
    0.10006, 0.08203, 0.06967, 0.06503, 0.06264, 0.07279, 0.07768, 
    0.08498, 0.05279, 0.06505, 0.06841, 0.07372, 0.05297, 0.06881, 
    0.06363, 0.07561, 0.07449, 0.08555, 0.04158, 0.04761, 0.04107, 
    0.03855, 0.06006, 0.05957, 0.06056, 0.05289, 0.06542, 0.05887, 
    0.05961, 0.04926, 0.06877, 0.08872, 0.03716, 0.0721, 0.06595, 
    0.0678, 0.06466, 0.07931, 0.06188, 0.06005, 0.05789, 0.06741, 
    0.08872, 0.06201, 0.06216, 0.06324, 0.05854, 0.07039, 0.06363, 
    0.05714, 0.04952, 0.06261, 0.08423, 0.07946, 0.06118, 0.07959, 
    0.08754, 0.07971, 0.06466, 0.06109, 0.07117, 0.08838, 0.07183, 
    0.06369, 0.0626, 0.08301, 0.0587, 0.05289, 0.06648, 0.08377, 
    0.0702, 0.08246, 0.07659, 0.06503, 0.04872, 0.06165, 0.07972, 
    0.06529, 0.06967, 0.06693, 0.05386, 0.07191, 0.10333, 0.07341, 
    0.06867, 0.06812, 0.0767, 0.08051, 0.07303, 0.07016, 0.08134, 
    0.1017, 0.05237, 0.06284, 0.07504, 0.04712, 0.07379, 0.07995
    ), delta.t = c(50, 50, 175, 175, 175, 175, 175, 175, 175, 
    175, 175, 175, 175, 50, 175, 175, 175, 175, 175, 175, 175, 
    175, 175, 175, 175, 175, 175, 175, 175, 175, 175, 175, 175, 
    175, 175, 175, 300, 300, 300, 300, 300, 300, 300, 300, 300, 
    300, 300, 300, 300, 300, 300, 300, 300, 300, 300, 300, 300, 
    300, 300, 300, 300, 300, 300, 50, 300, 300, 300, 300, 300, 
    300, 300, 300, 300, 300, 300, 300, 300, 300, 300, 300, 300, 
    300, 300, 300, 300, 300, 300, 300, 300, 300, 300, 50, 50, 
    50, 50, 175, 175, 175, 175, 175, 175, 175, 175, 175, 175, 
    50, 175, 175, 175, 175, 175, 175, 175, 175, 175, 175, 175, 
    175, 175, 175, 175, 175, 175, 175, 175, 175, 300, 300, 300, 
    300, 300, 300, 300, 300, 300, 300, 300, 300, 300, 300, 300, 
    300, 300, 300, 300, 300, 300, 300, 300, 300, 300, 300, 300, 
    300, 300, 300, 300, 300, 300, 300, 300, 300, 300, 300, 300, 
    300, 300, 300, 300, 300, 300),