list(standard.errors = structure(c(2.37751131716069e-06, 1.2629674803062e-05, 
0.00665539782165445, 0.00157394933499557, 0.000167569544090718, 
0.000167569544090715, 1.21747233711789e-05, 6.4488896763441e-05, 
5.28773076266422, 0.0472839492323231, 0.158323880604663, 0.840960107832851, 
2.05830490941366e-05, 0.000109378776913112, 5.31616704095633, 
0.0530692706835436, 0.159039892167149, 0.841676119395337), .Dim = c(6L, 
3L), .Dimnames = list(c("alpha", "beta", "beta/alpha", "intercept", 
"PrMMinf", "PrUUinf"), c("SE", "CI2.5", "CI97.5"))), boot.base = structure(list(
    alpha = 1.61483353291206e-05, beta = 8.54985430007681e-05, 
    intercept = 0.0502394084145331, value = 0.049267237465058, 
    fevals = 469, gevals = NA_real_, niter = NA_real_, convcode = 0, 
    kkt1 = FALSE, kkt2 = FALSE, xtime = 1.721, PrMMinf = 0.158867006979911, 
    PrUUinf = 0.841132993020089, alpha.start = 2.61128145230648e-07, 
    beta.start = 0.000376566912831362, intercept.start = 0.0664756455694512, 
    value.part = 0.0492672305117415), row.names = "Nelder-Mead9", class = "data.frame"), 
    settings = structure(list(Para = structure(c(5L, 6L, 7L, 
    2L, 3L, 1L, 4L), .Label = c("Nstarts", "eqp", "eqp.weight", 
    "optim.method", "p0mm", "p0um", "p0uu"), class = "factor"), 
        Setting = structure(c(3L, 1L, 4L, 4L, 2L, 5L, 6L), .Label = c("0", 
        "0.001", "0.158724418991028", "0.841275581008972", "10", 
        "Nelder-Mead"), class = "factor")), class = "data.frame", row.names = c(NA, 
    -7L)), N.boots = 50, N.good.boots = 50L, boot.results = structure(list(
        alpha = c(1.69858556049067e-05, 1.5327815270134e-05, 
        1.53147413506601e-05, 1.61229877797256e-05, 1.3143040361361e-05, 
        1.84521311749232e-05, 1.7454480722401e-05, 1.81224112137597e-05, 
        1.93337086788271e-05, 1.71099789524002e-05, 1.47141025770201e-05, 
        1.84590175161551e-05, 1.83718242208446e-05, 1.60010678427411e-05, 
        1.93214553316599e-05, 1.43893201912935e-05, 2.2374685519351e-05, 
        1.73986843753156e-05, 1.21108293586608e-05, 1.42778975434404e-05, 
        1.58719062421021e-05, 1.74276524058055e-05, 2.00492173797398e-05, 
        1.72124244639462e-05, 1.55872040864915e-05, 1.23948027476305e-05, 
        1.97397331227422e-05, 1.76444375740077e-05, 1.41380163862897e-05, 
        1.83569599570777e-05, 2.07380324950906e-05, 1.50294449054546e-05, 
        1.62922636704371e-05, 1.42878667452527e-05, 1.66312787485737e-05, 
        1.77112225146349e-05, 1.26799722886996e-05, 1.3813136608019e-05, 
        1.66979281692739e-05, 1.88752688056e-05, 1.14670393350963e-05, 
        1.59161050145292e-05, 1.48658073913084e-05, 1.87269860849749e-05, 
        1.41953277194943e-05, 1.59633164621281e-05, 1.41829854801491e-05, 
        1.28507657429699e-05, 1.53988952006055e-05, 1.63645342308851e-05
        ), beta = c(9.00235180383106e-05, 8.12281250331589e-05, 
        8.11214024125326e-05, 8.54790864892873e-05, 6.95752217859221e-05, 
        9.75599945164997e-05, 9.24437357693236e-05, 9.59522258149672e-05, 
        0.000102634698204838, 9.0550630693956e-05, 7.79686648668313e-05, 
        9.79323657870413e-05, 9.71359289995252e-05, 8.4721431455984e-05, 
        0.000102325278903279, 7.62137277983443e-05, 0.000118875048552559, 
        9.22082103491915e-05, 6.41376107265162e-05, 7.56642864169342e-05, 
        8.41322746515961e-05, 9.22814299829973e-05, 0.000106321552442712, 
        9.13144402269772e-05, 8.25645668051347e-05, 6.56988820017377e-05, 
        0.000104574059035468, 9.38384933702427e-05, 7.49704577014807e-05, 
        9.7320961195427e-05, 0.00011026635821097, 7.97645876689117e-05, 
        8.6224527517041e-05, 7.56191460288651e-05, 8.81286072830593e-05, 
        9.3731873719463e-05, 6.71860192179525e-05, 7.31026396720982e-05, 
        8.84991738003636e-05, 9.99482931731937e-05, 6.0739131058251e-05, 
        8.42908049350048e-05, 7.89688685338542e-05, 9.91366731510389e-05, 
        7.5239148873372e-05, 8.4653144006786e-05, 7.5205252635473e-05, 
        6.80804208753661e-05, 8.15437909086868e-05, 8.65598798836983e-05
        ), intercept = c(0.0502526266287521, 0.0498919316204158, 
        0.0501347936017938, 0.0503201332138126, 0.053072942706058, 
        0.0479634992816928, 0.049648290176542, 0.0488832829952677, 
        0.0476487590820008, 0.0498263785338787, 0.052246039861366, 
        0.0470561858161037, 0.0487297151812909, 0.0503799842142937, 
        0.0495649965912566, 0.0516306673826076, 0.0472530565964596, 
        0.0501118542768665, 0.053056622605994, 0.0513516184923675, 
        0.0504933373178699, 0.0506564730245713, 0.0478786555827741, 
        0.0496068207290089, 0.0490205400279773, 0.0523706733789346, 
        0.0478343202052147, 0.0493769291940621, 0.0513631648466106, 
        0.0473903572002975, 0.0487178557914162, 0.0497581215023892, 
        0.0498381934431475, 0.0501168278305274, 0.0498352967087992, 
        0.0502907110819545, 0.052108070662001, 0.0513596681876159, 
        0.0503645136551969, 0.0496461591419935, 0.0527514514694681, 
        0.0510976007184521, 0.0511195039622428, 0.0492494847987318, 
        0.0534195190736648, 0.05019536656731, 0.051440267917217, 
        0.0525863117595893, 0.0502949273299439, 0.050542764295764
        ), PrMMinf = c(0.158732408448064, 0.158745440435748, 
        0.158807069144809, 0.158687584832536, 0.158889222526935, 
        0.159053470186414, 0.158824058111219, 0.158864509112539, 
        0.1585140707566, 0.158925153857136, 0.158757695554722, 
        0.158594364911618, 0.159052736363023, 0.158862895124204, 
        0.158832503422114, 0.158817175697436, 0.158405151460038, 
        0.158737134365922, 0.158833798371898, 0.158745284078611, 
        0.158712426823169, 0.158853323957654, 0.158653915046245, 
        0.158600587172272, 0.158807161041465, 0.158717094569299, 
        0.158789566145807, 0.158270305817769, 0.158660739408061, 
        0.158690264954508, 0.158300285840199, 0.158548428601388, 
        0.158922879673853, 0.158918267934777, 0.158756174510841, 
        0.158926152566962, 0.158765602849161, 0.158925539173708, 
        0.15872992560283, 0.158851228588558, 0.158809687214112, 
        0.15883241008574, 0.158425520680271, 0.158886854577249, 
        0.158723215702551, 0.158655118533613, 0.158667245032883, 
        0.158786325518405, 0.158845353049584, 0.158995651048028
        ), PrUUinf = c(0.841267591551936, 0.841254559564252, 
        0.841192930855191, 0.841312415167464, 0.841110777473065, 
        0.840946529813586, 0.841175941888781, 0.841135490887461, 
        0.8414859292434, 0.841074846142864, 0.841242304445278, 
        0.841405635088382, 0.840947263636977, 0.841137104875796, 
        0.841167496577886, 0.841182824302564, 0.841594848539962, 
        0.841262865634078, 0.841166201628102, 0.841254715921389, 
        0.841287573176831, 0.841146676042346, 0.841346084953755, 
        0.841399412827728, 0.841192838958535, 0.841282905430701, 
        0.841210433854193, 0.841729694182231, 0.841339260591939, 
        0.841309735045492, 0.841699714159801, 0.841451571398612, 
        0.841077120326147, 0.841081732065223, 0.841243825489159, 
        0.841073847433038, 0.841234397150839, 0.841074460826292, 
        0.84127007439717, 0.841148771411442, 0.841190312785888, 
        0.84116758991426, 0.841574479319729, 0.841113145422751, 
        0.841276784297449, 0.841344881466387, 0.841332754967117, 
        0.841213674481595, 0.841154646950416, 0.841004348951972
        ),